1.0,1.29,2.31,1.29,2.31,1.29,2.31,1.29,2.31
1.1,1.39,2.40,1.39,2.40,1.39,2.40,1.39,2.40
1.2,1.48,2.50,1.48,2.50,1.48,2.50,1.48,2.50
1.3,1.58,2.60,1.58,2.60,1.58,2.60,1.58,2.60
1.4,1.68,2.69,1.68,2.69,1.68,2.69,1.68,2.69
1.5,1.77,2.79,1.77,2.79,1.77,2.79,1.77,2.79
1.6,1.87,2.89,1.87,2.89,1.87,2.89,1.87,2.89
1.7,1.97,2.99,1.97,2.99,1.97,2.99,1.97,2.99
1.8,2.06,3.08,2.06,3.08,2.06,3.08,2.06,3.08
1.9,2.16,3.18,2.16,3.18,2.16,3.18,2.16,3.18
2.0,2.26,3.28,2.26,3.28,2.26,3.28,2.26,3.28
2.1,2.35,3.38,2.35,3.38,2.35,3.38,2.35,3.38
2.2,2.45,3.47,2.45,3.47,2.45,3.47,2.45,3.47
2.3,2.54,3.57,2.54,3.57,2.54,3.57,2.54,3.57
2.4,2.64,3.67,2.64,3.67,2.64,3.67,2.64,3.67
2.5,2.74,3.76,2.74,3.76,2.74,3.76,2.74,3.76
2.6,2.83,3.86,2.83,3.86,2.83,3.86,2.83,3.86
2.7,2.93,3.96,2.93,3.96,2.93,3.96,2.93,3.96
2.8,3.02,4.05,3.02,4.05,3.02,4.05,3.02,4.05
2.9,3.12,4.15,3.12,4.15,3.12,4.15,3.12,4.15
3.0,3.22,4.25,3.22,4.25,3.22,4.25,3.22,4.25
3.1,3.31,4.34,3.31,4.34,3.31,4.34,3.31,4.34
3.2,3.41,4.44,3.41,4.44,3.41,4.44,3.41,4.44
3.3,3.50,4.54,3.50,4.54,3.50,4.54,3.50,4.54
3.4,3.60,4.63,3.60,4.63,3.60,4.63,3.60,4.63
3.5,3.70,4.73,3.70,4.73,3.70,4.73,3.70,4.73
3.6,3.79,4.83,3.79,4.83,3.79,4.83,3.79,4.83
3.7,3.89,4.92,3.89,4.92,3.89,4.92,3.89,4.92
3.8,3.98,5.02,3.98,5.02,3.98,5.02,3.98,5.02
3.9,4.08,5.12,4.08,5.12,4.08,5.12,4.08,5.12
4.0,4.17,5.21,4.17,5.21,4.17,5.21,4.17,5.21
4.1,4.27,5.31,4.27,5.31,4.27,5.31,4.27,5.31
4.2,4.36,5.40,4.36,5.40,4.36,5.40,4.36,5.40
4.3,4.46,5.50,4.46,5.50,4.46,5.50,4.46,5.50
4.4,4.55,5.60,4.55,5.60,4.55,5.60,4.55,5.60
4.5,4.65,5.69,4.65,5.69,4.65,5.69,4.65,5.69
4.6,4.75,5.79,4.75,5.79,4.75,5.79,4.75,5.79
4.7,4.84,5.89,4.84,5.89,4.84,5.89,4.84,5.89
4.8,4.94,5.98,4.94,5.98,4.94,5.98,4.94,5.98
4.9,5.03,6.08,5.03,6.08,5.03,6.08,5.03,6.08
5.0,5.13,6.17,5.13,6.17,5.13,6.17,5.13,6.17
5.1,5.22,6.27,5.22,6.27,5.22,6.27,5.22,6.27
5.2,5.32,6.37,5.32,6.37,5.32,6.37,5.32,6.37
5.3,5.41,6.46,5.41,6.46,5.41,6.46,5.41,6.46
5.4,5.51,6.56,5.51,6.56,5.51,6.56,5.51,6.56
5.5,5.60,6.65,5.60,6.65,5.60,6.65,5.60,6.65
5.6,5.70,6.75,5.70,6.75,5.70,6.75,5.70,6.75
5.7,5.79,6.85,5.79,6.85,5.79,6.85,5.79,6.85
5.8,5.89,6.94,5.89,6.94,5.89,6.94,5.89,6.94
5.9,5.98,7.04,5.98,7.04,5.98,7.04,5.98,7.04
6.0,6.08,7.13,6.08,7.13,6.08,7.13,6.08,7.13
6.1,6.17,7.23,6.17,7.23,6.17,7.23,6.17,7.23
6.2,6.27,7.32,6.27,7.32,6.27,7.32,6.27,7.32
6.3,6.36,7.42,6.36,7.42,6.36,7.42,6.36,7.42
6.4,6.46,7.52,6.46,7.52,6.46,7.52,6.46,7.52
6.5,6.55,7.61,6.55,7.61,6.55,7.61,6.55,7.61
6.6,6.65,7.71,6.65,7.71,6.65,7.71,6.65,7.71
6.7,6.74,7.80,6.74,7.80,6.74,7.80,6.74,7.80
6.8,6.84,7.90,6.84,7.90,6.84,7.90,6.84,7.90
6.9,6.93,7.99,6.93,7.99,6.93,7.99,6.93,7.99
7.0,7.02,8.09,7.02,8.09,7.02,8.09,7.02,8.09
7.1,7.12,8.19,7.12,8.19,7.12,8.19,7.12,8.19
7.2,7.21,8.28,7.21,8.28,7.21,8.28,7.21,8.28
7.3,7.31,8.38,7.31,8.38,7.31,8.38,7.31,8.38
7.4,7.40,8.47,7.40,8.47,7.40,8.47,7.40,8.47
7.5,7.50,8.57,7.50,8.57,7.50,8.57,7.50,8.57
7.6,7.59,8.66,7.59,8.66,7.59,8.66,7.59,8.66
7.7,7.69,8.76,7.69,8.76,7.69,8.76,7.69,8.76
7.8,7.78,8.85,7.78,8.85,7.78,8.85,7.78,8.85
7.9,7.88,8.95,7.88,8.95,7.88,8.95,7.88,8.95
8.0,7.97,9.04,7.97,9.04,7.97,9.04,7.97,9.04
8.1,8.07,9.14,8.07,9.14,8.07,9.14,8.07,9.14
8.2,8.16,9.24,8.16,9.24,8.16,9.24,8.16,9.24
8.3,8.26,9.33,8.26,9.33,8.26,9.33,8.26,9.33
8.4,8.35,9.43,8.35,9.43,8.35,9.43,8.35,9.43
8.5,8.44,9.52,8.44,9.52,8.44,9.52,8.44,9.52
8.6,8.54,9.62,8.54,9.62,8.54,9.62,8.54,9.62
8.7,8.63,9.71,8.63,9.71,8.63,9.71,8.63,9.71
8.8,8.73,9.81,8.73,9.81,8.73,9.81,8.73,9.81
8.9,8.82,9.90,8.82,9.90,8.82,9.90,8.82,9.90
9.0,8.92,10.00,8.92,10.00,8.92,10.00,8.92,10.00
9.1,9.01,10.09,9.01,10.09,9.01,10.09,9.01,10.09
9.2,9.11,10.19,9.11,10.19,9.11,10.19,9.11,10.19
9.3,9.20,10.28,9.20,10.28,9.20,10.28,9.20,10.28
9.4,9.29,10.38,9.29,10.38,9.29,10.38,9.29,10.38
9.5,9.39,10.47,9.39,10.47,9.39,10.47,9.39,10.47
9.6,9.48,10.57,9.48,10.57,9.48,10.57,9.48,10.57
9.7,9.58,10.67,9.58,10.67,9.58,10.67,9.58,10.67
9.8,9.67,10.76,9.67,10.76,9.67,10.76,9.67,10.76
9.9,9.77,10.86,9.77,10.86,9.77,10.86,9.77,10.86
10.0,9.86,10.95,9.86,10.95,9.86,10.95,9.86,10.95
10.1,9.96,11.05,9.96,11.05,9.96,11.05,9.96,11.05
10.2,10.05,11.14,10.05,11.14,10.05,11.14,10.05,11.14
10.3,10.14,11.24,10.14,11.24,10.14,11.24,10.14,11.24
10.4,10.24,11.33,10.24,11.33,10.24,11.33,10.24,11.33
10.5,10.33,11.43,10.33,11.43,10.33,11.43,10.33,11.43
10.6,10.43,11.52,10.43,11.52,10.43,11.52,10.43,11.52
10.7,10.52,11.62,10.52,11.62,10.52,11.62,10.52,11.62
10.8,10.62,11.71,10.62,11.71,10.62,11.71,10.62,11.71
10.9,10.71,11.81,10.71,11.81,10.71,11.81,10.71,11.81
11.0,10.81,11.90,10.81,11.90,10.81,11.90,10.81,11.90
11.1,10.90,12.00,10.90,12.00,10.90,12.00,10.90,12.00
11.2,10.99,12.09,10.99,12.09,10.99,12.09,10.99,12.09
11.3,11.09,12.19,11.09,12.19,11.09,12.19,11.09,12.19
11.4,11.18,12.28,11.18,12.28,11.18,12.28,11.18,12.28
11.5,11.28,12.38,11.28,12.38,11.28,12.38,11.28,12.38
11.6,11.37,12.47,11.37,12.47,11.37,12.47,11.37,12.47
11.7,11.47,12.57,11.47,12.57,11.47,12.57,11.47,12.57
11.8,11.56,12.66,11.56,12.66,11.56,12.66,11.56,12.66
11.9,11.66,12.76,11.66,12.76,11.66,12.76,11.66,12.76
12.0,11.75,12.85,11.75,12.85,11.75,12.85,11.75,12.85
12.1,11.84,12.95,11.84,12.95,11.84,12.95,11.84,12.95
12.2,11.94,13.04,11.94,13.04,11.94,13.04,11.94,13.04
12.3,12.03,13.14,12.03,13.14,12.03,13.14,12.03,13.14
12.4,12.13,13.23,12.13,13.23,12.13,13.23,12.13,13.23
12.5,12.22,13.33,12.22,13.33,12.22,13.33,12.22,13.33
12.6,12.32,13.43,12.32,13.43,12.32,13.43,12.32,13.43
12.7,12.41,13.52,12.41,13.52,12.41,13.52,12.41,13.52
12.8,12.51,13.62,12.51,13.62,12.51,13.62,12.51,13.62
12.9,12.60,13.71,12.60,13.71,12.60,13.71,12.60,13.71
13.0,12.69,13.81,12.69,13.81,12.69,13.81,12.69,13.81
13.1,12.79,13.90,12.79,13.90,12.79,13.90,12.79,13.90
13.2,12.88,14.00,12.88,14.00,12.88,14.00,12.88,14.00
13.3,12.98,14.09,12.98,14.09,12.98,14.09,12.98,14.09
13.4,13.07,14.19,13.07,14.19,13.07,14.19,13.07,14.19
13.5,13.17,14.28,13.17,14.28,13.17,14.28,13.17,14.28
13.6,13.26,14.38,13.26,14.38,13.26,14.38,13.26,14.38
13.7,13.36,14.47,13.36,14.47,13.36,14.47,13.36,14.47
13.8,13.45,14.57,13.45,14.57,13.45,14.57,13.45,14.57
13.9,13.54,14.66,13.54,14.66,13.54,14.66,13.54,14.66
14.0,13.64,14.76,13.64,14.76,13.64,14.76,13.64,14.76
14.1,13.73,14.85,13.73,14.85,13.73,14.85,13.73,14.85
14.2,13.83,14.95,13.83,14.95,13.83,14.95,13.83,14.95
14.3,13.92,15.04,13.92,15.04,13.92,15.04,13.92,15.04
14.4,14.02,15.14,14.02,15.14,14.02,15.14,14.02,15.14
14.5,14.11,15.23,14.11,15.23,14.11,15.23,14.11,15.23
14.6,14.21,15.33,14.21,15.33,14.21,15.33,14.21,15.33
14.7,14.30,15.42,14.30,15.42,14.30,15.42,14.30,15.42
14.8,14.39,15.52,14.39,15.52,14.39,15.52,14.39,15.52
14.9,14.49,15.61,14.49,15.61,14.49,15.61,14.49,15.61
15.0,14.58,15.71,14.58,15.71,14.58,15.71,14.58,15.71
15.1,14.68,15.80,14.68,15.80,14.68,15.80,14.68,15.80
15.2,14.77,15.90,14.77,15.90,14.77,15.90,14.77,15.90
15.3,14.87,15.99,14.87,15.99,14.87,15.99,14.87,15.99
15.4,14.96,16.09,14.96,16.09,14.96,16.09,14.96,16.09
15.5,15.06,16.18,15.06,16.18,15.06,16.18,15.06,16.18
15.6,15.15,16.28,15.15,16.28,15.15,16.28,15.15,16.28
15.7,15.25,16.37,15.25,16.37,15.25,16.37,15.25,16.37
15.8,15.34,16.47,15.34,16.47,15.34,16.47,15.34,16.47
15.9,15.44,16.56,15.44,16.56,15.44,16.56,15.44,16.56
16.0,15.53,16.66,15.53,16.66,15.53,16.66,15.53,16.66
16.1,15.62,16.75,15.62,16.75,15.62,16.75,15.62,16.75
16.2,15.72,16.85,15.72,16.85,15.72,16.85,15.72,16.85
16.3,15.81,16.94,15.81,16.94,15.81,16.94,15.81,16.94
16.4,15.91,17.04,15.91,17.04,15.91,17.04,15.91,17.04
16.5,16.00,17.14,16.00,17.14,16.00,17.14,16.00,17.14
16.6,16.10,17.23,16.10,17.23,16.10,17.23,16.10,17.23
16.7,16.19,17.33,16.19,17.33,16.19,17.33,16.19,17.33
16.8,16.29,17.42,16.29,17.42,16.29,17.42,16.29,17.42
16.9,16.38,17.52,16.38,17.52,16.38,17.52,16.38,17.52
17.0,16.48,17.61,16.48,17.61,16.48,17.61,16.48,17.61
17.1,16.57,17.71,16.57,17.71,16.57,17.71,16.57,17.71
17.2,16.67,17.80,16.67,17.80,16.67,17.80,16.67,17.80
17.3,16.76,17.90,16.76,17.90,16.76,17.90,16.76,17.90
17.4,16.86,17.99,16.86,17.99,16.86,17.99,16.86,17.99
17.5,16.95,18.09,16.95,18.09,16.95,18.09,16.95,18.09
17.6,17.05,18.18,17.05,18.18,17.05,18.18,17.05,18.18
17.7,17.14,18.28,17.14,18.28,17.14,18.28,17.14,18.28
17.8,17.24,18.37,17.24,18.37,17.24,18.37,17.24,18.37
17.9,17.33,18.47,17.33,18.47,17.33,18.47,17.33,18.47
18.0,17.43,18.56,17.43,18.56,17.43,18.56,17.43,18.56
18.1,17.52,18.66,17.52,18.66,17.52,18.66,17.52,18.66
18.2,17.61,18.75,17.61,18.75,17.61,18.75,17.61,18.75
18.3,17.71,18.85,17.71,18.85,17.71,18.85,17.71,18.85
18.4,17.80,18.95,17.80,18.95,17.80,18.95,17.80,18.95
18.5,17.90,19.04,17.90,19.04,17.90,19.04,17.90,19.04
18.6,17.99,19.14,17.99,19.14,17.99,19.14,17.99,19.14
18.7,18.09,19.23,18.09,19.23,18.09,19.23,18.09,19.23
18.8,18.18,19.33,18.18,19.33,18.18,19.33,18.18,19.33
18.9,18.28,19.42,18.28,19.42,18.28,19.42,18.28,19.42
19.0,18.37,19.52,18.37,19.52,18.37,19.52,18.37,19.52
19.1,18.47,19.61,18.47,19.61,18.47,19.61,18.47,19.61
19.2,18.56,19.71,18.56,19.71,18.56,19.71,18.56,19.71
19.3,18.66,19.80,18.66,19.80,18.66,19.80,18.66,19.80
19.4,18.75,19.90,18.75,19.90,18.75,19.90,18.75,19.90
19.5,18.85,19.99,18.85,19.99,18.85,19.99,18.85,19.99
19.6,18.94,20.09,18.94,20.09,18.94,20.09,18.94,20.09
19.7,19.04,20.19,19.04,20.19,19.04,20.19,19.04,20.19
19.8,19.13,20.28,19.13,20.28,19.13,20.28,19.13,20.28
19.9,19.23,20.38,19.23,20.38,19.23,20.38,19.23,20.38
20.0,19.33,20.47,19.33,20.47,19.33,20.47,19.33,20.47
20.1,19.42,20.57,19.42,20.57,19.42,20.57,19.42,20.57
20.2,19.52,20.66,19.52,20.66,19.52,20.66,19.52,20.66
20.3,19.61,20.76,19.61,20.76,19.61,20.76,19.61,20.76
20.4,19.71,20.85,19.71,20.85,19.71,20.85,19.71,20.85
20.5,19.80,20.95,19.80,20.95,19.80,20.95,19.80,20.95
20.6,19.90,21.04,19.90,21.04,19.90,21.04,19.90,21.04
20.7,19.99,21.14,19.99,21.14,19.99,21.14,19.99,21.14
20.8,20.09,21.24,20.09,21.24,20.09,21.24,20.09,21.24
20.9,20.18,21.33,20.18,21.33,20.18,21.33,20.18,21.33
21.0,20.28,21.43,20.28,21.43,20.28,21.43,20.28,21.43
21.1,20.37,21.52,20.37,21.52,20.37,21.52,20.37,21.52
21.2,20.47,21.62,20.47,21.62,20.47,21.62,20.47,21.62
21.3,20.56,21.71,20.56,21.71,20.56,21.71,20.56,21.71
21.4,20.66,21.81,20.66,21.81,20.66,21.81,20.66,21.81
21.5,20.75,21.90,20.75,21.90,20.75,21.90,20.75,21.90
21.6,20.85,22.00,20.85,22.00,20.85,22.00,20.85,22.00
21.7,20.94,22.10,20.94,22.10,20.94,22.10,20.94,22.10
21.8,21.04,22.19,21.04,22.19,21.04,22.19,21.04,22.19
21.9,21.14,22.29,21.14,22.29,21.14,22.29,21.14,22.29
22.0,21.23,22.38,21.23,22.38,21.23,22.38,21.23,22.38
22.1,21.33,22.48,21.33,22.48,21.33,22.48,21.33,22.48
22.2,21.42,22.57,21.42,22.57,21.42,22.57,21.42,22.57
22.3,21.52,22.67,21.52,22.67,21.52,22.67,21.52,22.67
22.4,21.61,22.76,21.61,22.76,21.61,22.76,21.61,22.76
22.5,21.71,22.86,21.71,22.86,21.71,22.86,21.71,22.86
22.6,21.80,22.96,21.80,22.96,21.80,22.96,21.80,22.96
22.7,21.90,23.05,21.90,23.05,21.90,23.05,21.90,23.05
22.8,21.99,23.15,21.99,23.15,21.99,23.15,21.99,23.15
22.9,22.09,23.24,22.09,23.24,22.09,23.24,22.09,23.24
23.0,22.19,23.34,22.19,23.34,22.19,23.34,22.19,23.34
23.1,22.28,23.43,22.28,23.43,22.28,23.43,22.28,23.43
23.2,22.38,23.53,22.38,23.53,22.38,23.53,22.38,23.53
23.3,22.47,23.63,22.47,23.63,22.47,23.63,22.47,23.63
23.4,22.57,23.72,22.57,23.72,22.57,23.72,22.57,23.72
23.5,22.66,23.82,22.66,23.82,22.66,23.82,22.66,23.82
23.6,22.76,23.91,22.76,23.91,22.76,23.91,22.76,23.91
23.7,22.86,24.01,22.86,24.01,22.86,24.01,22.86,24.01
23.8,22.95,24.10,22.95,24.10,22.95,24.10,22.95,24.10
23.9,23.05,24.20,23.05,24.20,23.05,24.20,23.05,24.20
24.0,23.14,24.30,23.14,24.30,23.14,24.30,23.14,24.30
24.1,23.24,24.39,23.24,24.39,23.24,24.39,23.24,24.39
24.2,23.33,24.49,23.33,24.49,23.33,24.49,23.33,24.49
24.3,23.43,24.58,23.43,24.58,23.43,24.58,23.43,24.58
24.4,23.53,24.68,23.53,24.68,23.53,24.68,23.53,24.68
24.5,23.62,24.78,23.62,24.78,23.62,24.78,23.62,24.78
24.6,23.72,24.87,23.72,24.87,23.72,24.87,23.72,24.87
24.7,23.81,24.97,23.81,24.97,23.81,24.97,23.81,24.97
24.8,23.91,25.06,23.91,25.06,23.91,25.06,23.91,25.06
24.9,24.00,25.16,24.00,25.16,24.00,25.16,24.00,25.16
25.0,24.10,25.25,24.10,25.25,24.10,25.25,24.10,25.25
25.1,24.20,25.35,24.20,25.35,24.20,25.35,24.20,25.35
25.2,24.29,25.45,24.29,25.45,24.29,25.45,24.29,25.45
25.3,24.39,25.54,24.39,25.54,24.39,25.54,24.39,25.54
25.4,24.48,25.64,24.48,25.64,24.48,25.64,24.48,25.64
25.5,24.58,25.73,24.58,25.73,24.58,25.73,24.58,25.73
25.6,24.68,25.83,24.68,25.83,24.68,25.83,24.68,25.83
25.7,24.77,25.93,24.77,25.93,24.77,25.93,24.77,25.93
25.8,24.87,26.02,24.87,26.02,24.87,26.02,24.87,26.02
25.9,24.96,26.12,24.96,26.12,24.96,26.12,24.96,26.12
26.0,25.06,26.21,25.06,26.21,25.06,26.21,25.06,26.21
26.1,25.16,26.31,25.16,26.31,25.16,26.31,25.16,26.31
26.2,25.25,26.41,25.25,26.41,25.25,26.41,25.25,26.41
26.3,25.35,26.50,25.35,26.50,25.35,26.50,25.35,26.50
26.4,25.44,26.60,25.44,26.60,25.44,26.60,25.44,26.60
26.5,25.54,26.69,25.54,26.69,25.54,26.69,25.54,26.69
26.6,25.64,26.79,25.64,26.79,25.64,26.79,25.64,26.79
26.7,25.73,26.89,25.73,26.89,25.73,26.89,25.73,26.89
26.8,25.83,26.98,25.83,26.98,25.83,26.98,25.83,26.98
26.9,25.92,27.08,25.92,27.08,25.92,27.08,25.92,27.08
27.0,26.02,27.17,26.02,27.17,26.02,27.17,26.02,27.17
27.1,26.12,27.27,26.12,27.27,26.12,27.27,26.12,27.27
27.2,26.21,27.37,26.21,27.37,26.21,27.37,26.21,27.37
27.3,26.31,27.46,26.31,27.46,26.31,27.46,26.31,27.46
27.4,26.41,27.56,26.41,27.56,26.41,27.56,26.41,27.56
27.5,26.50,27.65,26.50,27.65,26.50,27.65,26.50,27.65
27.6,26.60,27.75,26.60,27.75,26.60,27.75,26.60,27.75
27.7,26.69,27.85,26.69,27.85,26.69,27.85,26.69,27.85
27.8,26.79,27.94,26.79,27.94,26.79,27.94,26.79,27.94
27.9,26.89,28.04,26.89,28.04,26.89,28.04,26.89,28.04
28.0,26.98,28.13,26.98,28.13,26.98,28.13,26.98,28.13
28.1,27.08,28.23,27.08,28.23,27.08,28.23,27.08,28.23
28.2,27.18,28.33,27.18,28.33,27.18,28.33,27.18,28.33
28.3,27.27,28.42,27.27,28.42,27.27,28.42,27.27,28.42
28.4,27.37,28.52,27.37,28.52,27.37,28.52,27.37,28.52
28.5,27.46,28.62,27.46,28.62,27.46,28.62,27.46,28.62
28.6,27.56,28.71,27.56,28.71,27.56,28.71,27.56,28.71
28.7,27.66,28.81,27.66,28.81,27.66,28.81,27.66,28.81
28.8,27.75,28.90,27.75,28.90,27.75,28.90,27.75,28.90
28.9,27.85,29.00,27.85,29.00,27.85,29.00,27.85,29.00
29.0,27.95,29.10,27.95,29.10,27.95,29.10,27.95,29.10
29.1,28.04,29.19,28.04,29.19,28.04,29.19,28.04,29.19
29.2,28.14,29.29,28.14,29.29,28.14,29.29,28.14,29.29
29.3,28.24,29.39,28.24,29.39,28.24,29.39,28.24,29.39
29.4,28.33,29.48,28.33,29.48,28.33,29.48,28.33,29.48
29.5,28.43,29.58,28.43,29.58,28.43,29.58,28.43,29.58
29.6,28.53,29.67,28.53,29.67,28.53,29.67,28.53,29.67
29.7,28.62,29.77,28.62,29.77,28.62,29.77,28.62,29.77
29.8,28.72,29.87,28.72,29.87,28.72,29.87,28.72,29.87
29.9,28.82,29.96,28.82,29.96,28.82,29.96,28.82,29.96
30.0,28.91,30.06,28.91,30.06,28.91,30.06,28.91,30.06
30.1,29.01,30.16,29.01,30.16,29.01,30.16,29.01,30.16
30.2,29.11,30.25,29.11,30.25,29.11,30.25,29.11,30.25
30.3,29.20,30.35,29.20,30.35,29.20,30.35,29.20,30.35
30.4,29.30,30.44,29.30,30.44,29.30,30.44,29.30,30.44
30.5,29.39,30.54,29.39,30.54,29.39,30.54,29.39,30.54
30.6,29.49,30.64,29.49,30.64,29.49,30.64,29.49,30.64
30.7,29.59,30.73,29.59,30.73,29.59,30.73,29.59,30.73
30.8,29.68,30.83,29.68,30.83,29.68,30.83,29.68,30.83
30.9,29.78,30.93,29.78,30.93,29.78,30.93,29.78,30.93
31.0,29.88,31.02,29.88,31.02,29.88,31.02,29.88,31.02
31.1,29.97,31.12,29.97,31.12,29.97,31.12,29.97,31.12
31.2,30.07,31.22,30.07,31.22,30.07,31.22,30.07,31.22
31.3,30.17,31.31,30.17,31.31,30.17,31.31,30.17,31.31
31.4,30.27,31.41,30.27,31.41,30.27,31.41,30.27,31.41
31.5,30.36,31.51,30.36,31.51,30.36,31.51,30.36,31.51
31.6,30.46,31.60,30.46,31.60,30.46,31.60,30.46,31.60
31.7,30.56,31.70,30.56,31.70,30.56,31.70,30.56,31.70
31.8,30.65,31.79,30.65,31.79,30.65,31.79,30.65,31.79
31.9,30.75,31.89,30.75,31.89,30.75,31.89,30.75,31.89
32.0,30.85,31.99,30.85,31.99,30.85,31.99,30.85,31.99
32.1,30.94,32.08,30.94,32.08,30.94,32.08,30.94,32.08
32.2,31.04,32.18,31.04,32.18,31.04,32.18,31.04,32.18
32.3,31.14,32.28,31.14,32.28,31.14,32.28,31.14,32.28
32.4,31.23,32.37,31.23,32.37,31.23,32.37,31.23,32.37
32.5,31.33,32.47,31.33,32.47,31.33,32.47,31.33,32.47
32.6,31.43,32.57,31.43,32.57,31.43,32.57,31.43,32.57
32.7,31.52,32.66,31.52,32.66,31.52,32.66,31.52,32.66
32.8,31.62,32.76,31.62,32.76,31.62,32.76,31.62,32.76
32.9,31.72,32.86,31.72,32.86,31.72,32.86,31.72,32.86
33.0,31.81,32.95,31.81,32.95,31.81,32.95,31.81,32.95
33.1,31.91,33.05,31.91,33.05,31.91,33.05,31.91,33.05
33.2,32.01,33.15,32.01,33.15,32.01,33.15,32.01,33.15
33.3,32.11,33.24,32.11,33.24,32.11,33.24,32.11,33.24
33.4,32.20,33.34,32.20,33.34,32.20,33.34,32.20,33.34
33.5,32.30,33.43,32.30,33.43,32.30,33.43,32.30,33.43
33.6,32.40,33.53,32.40,33.53,32.40,33.53,32.40,33.53
33.7,32.49,33.63,32.49,33.63,32.49,33.63,32.49,33.63
33.8,32.59,33.72,32.59,33.72,32.59,33.72,32.59,33.72
33.9,32.69,33.82,32.69,33.82,32.69,33.82,32.69,33.82
34.0,32.78,33.92,32.78,33.92,32.78,33.92,32.78,33.92
34.1,32.88,34.01,32.88,34.01,32.88,34.01,32.88,34.01
34.2,32.98,34.11,32.98,34.11,32.98,34.11,32.98,34.11
34.3,33.07,34.21,33.07,34.21,33.07,34.21,33.07,34.21
34.4,33.17,34.30,33.17,34.30,33.17,34.30,33.17,34.30
34.5,33.27,34.40,33.27,34.40,33.27,34.40,33.27,34.40
34.6,33.37,34.50,33.37,34.50,33.37,34.50,33.37,34.50
34.7,33.46,34.59,33.46,34.59,33.46,34.59,33.46,34.59
34.8,33.56,34.69,33.56,34.69,33.56,34.69,33.56,34.69
34.9,33.66,34.79,33.66,34.79,33.66,34.79,33.66,34.79
35.0,33.75,34.88,33.75,34.88,33.75,34.88,33.75,34.88
35.1,33.85,34.98,33.85,34.98,33.85,34.98,33.85,34.98
35.2,33.95,35.08,33.95,35.08,33.95,35.08,33.95,35.08
35.3,34.05,35.17,34.05,35.17,34.05,35.17,34.05,35.17
35.4,34.14,35.27,34.14,35.27,34.14,35.27,34.14,35.27
35.5,34.24,35.37,34.24,35.37,34.24,35.37,34.24,35.37
35.6,34.34,35.46,34.34,35.46,34.34,35.46,34.34,35.46
35.7,34.43,35.56,34.43,35.56,34.43,35.56,34.43,35.56
35.8,34.53,35.66,34.53,35.66,34.53,35.66,34.53,35.66
35.9,34.63,35.75,34.63,35.75,34.63,35.75,34.63,35.75
36.0,34.73,35.85,34.73,35.85,34.73,35.85,34.73,35.85
36.1,34.82,35.95,34.82,35.95,34.82,35.95,34.82,35.95
36.2,34.92,36.04,34.92,36.04,34.92,36.04,34.92,36.04
36.3,35.02,36.14,35.02,36.14,35.02,36.14,35.02,36.14
36.4,35.11,36.24,35.11,36.24,35.11,36.24,35.11,36.24
36.5,35.21,36.33,35.21,36.33,35.21,36.33,35.21,36.33
36.6,35.31,36.43,35.31,36.43,35.31,36.43,35.31,36.43
36.7,35.41,36.53,35.41,36.53,35.41,36.53,35.41,36.53
36.8,35.50,36.62,35.50,36.62,35.50,36.62,35.50,36.62
36.9,35.60,36.72,35.60,36.72,35.60,36.72,35.60,36.72
37.0,35.70,36.82,35.70,36.82,35.70,36.82,35.70,36.82
37.1,35.80,36.91,35.80,36.91,35.80,36.91,35.80,36.91
37.2,35.89,37.01,35.89,37.01,35.89,37.01,35.89,37.01
37.3,35.99,37.11,35.99,37.11,35.99,37.11,35.99,37.11
37.4,36.09,37.20,36.09,37.20,36.09,37.20,36.09,37.20
37.5,36.18,37.30,36.18,37.30,36.18,37.30,36.18,37.30
37.6,36.28,37.40,36.28,37.40,36.28,37.40,36.28,37.40
37.7,36.38,37.49,36.38,37.49,36.38,37.49,36.38,37.49
37.8,36.48,37.59,36.48,37.59,36.48,37.59,36.48,37.59
37.9,36.57,37.69,36.57,37.69,36.57,37.69,36.57,37.69
38.0,36.67,37.78,36.67,37.78,36.67,37.78,36.67,37.78
38.1,36.77,37.88,36.77,37.88,36.77,37.88,36.77,37.88
38.2,36.87,37.98,36.87,37.98,36.87,37.98,36.87,37.98
38.3,36.96,38.08,36.96,38.08,36.96,38.08,36.96,38.08
38.4,37.06,38.17,37.06,38.17,37.06,38.17,37.06,38.17
38.5,37.16,38.27,37.16,38.27,37.16,38.27,37.16,38.27
38.6,37.25,38.37,37.25,38.37,37.25,38.37,37.25,38.37
38.7,37.35,38.46,37.35,38.46,37.35,38.46,37.35,38.46
38.8,37.45,38.56,37.45,38.56,37.45,38.56,37.45,38.56
38.9,37.55,38.66,37.55,38.66,37.55,38.66,37.55,38.66
39.0,37.64,38.75,37.64,38.75,37.64,38.75,37.64,38.75
39.1,37.74,38.85,37.74,38.85,37.74,38.85,37.74,38.85
39.2,37.84,38.95,37.84,38.95,37.84,38.95,37.84,38.95
39.3,37.94,39.04,37.94,39.04,37.94,39.04,37.94,39.04
39.4,38.03,39.14,38.03,39.14,38.03,39.14,38.03,39.14
39.5,38.13,39.24,38.13,39.24,38.13,39.24,38.13,39.24
39.6,38.23,39.33,38.23,39.33,38.23,39.33,38.23,39.33
39.7,38.33,39.43,38.33,39.43,38.33,39.43,38.33,39.43
39.8,38.42,39.53,38.42,39.53,38.42,39.53,38.42,39.53
39.9,38.52,39.62,38.52,39.62,38.52,39.62,38.52,39.62
40.0,38.62,39.72,38.62,39.72,38.62,39.72,38.62,39.72
40.1,38.72,39.82,38.72,39.82,38.72,39.82,38.72,39.82
40.2,38.81,39.91,38.81,39.91,38.81,39.91,38.81,39.91
40.3,38.91,40.01,38.91,40.01,38.91,40.01,38.91,40.01
40.4,39.01,40.11,39.01,40.11,39.01,40.11,39.01,40.11
40.5,39.11,40.20,39.11,40.20,39.11,40.20,39.11,40.20
40.6,39.20,40.30,39.20,40.30,39.20,40.30,39.20,40.30
40.7,39.30,40.40,39.30,40.40,39.30,40.40,39.30,40.40
40.8,39.40,40.50,39.40,40.50,39.40,40.50,39.40,40.50
40.9,39.49,40.59,39.49,40.59,39.49,40.59,39.49,40.59
41.0,39.59,40.69,39.59,40.69,39.59,40.69,39.59,40.69
41.1,39.69,40.79,39.69,40.79,39.69,40.79,39.69,40.79
41.2,39.79,40.88,39.79,40.88,39.79,40.88,39.79,40.88
41.3,39.88,40.98,39.88,40.98,39.88,40.98,39.88,40.98
41.4,39.98,41.08,39.98,41.08,39.98,41.08,39.98,41.08
41.5,40.08,41.17,40.08,41.17,40.08,41.17,40.08,41.17
41.6,40.18,41.27,40.18,41.27,40.18,41.27,40.18,41.27
41.7,40.27,41.37,40.27,41.37,40.27,41.37,40.27,41.37
41.8,40.37,41.46,40.37,41.46,40.37,41.46,40.37,41.46
41.9,40.47,41.56,40.47,41.56,40.47,41.56,40.47,41.56
42.0,40.57,41.66,40.57,41.66,40.57,41.66,40.57,41.66
42.1,40.66,41.75,40.66,41.75,40.66,41.75,40.66,41.75
42.2,40.76,41.85,40.76,41.85,40.76,41.85,40.76,41.85
42.3,40.86,41.95,40.86,41.95,40.86,41.95,40.86,41.95
42.4,40.96,42.05,40.96,42.05,40.96,42.05,40.96,42.05
42.5,41.05,42.14,41.05,42.14,41.05,42.14,41.05,42.14
42.6,41.15,42.24,41.15,42.24,41.15,42.24,41.15,42.24
42.7,41.25,42.34,41.25,42.34,41.25,42.34,41.25,42.34
42.8,41.35,42.43,41.35,42.43,41.35,42.43,41.35,42.43
42.9,41.44,42.53,41.44,42.53,41.44,42.53,41.44,42.53
43.0,41.54,42.63,41.54,42.63,41.54,42.63,41.54,42.63
43.1,41.64,42.72,41.64,42.72,41.64,42.72,41.64,42.72
43.2,41.74,42.82,41.74,42.82,41.74,42.82,41.74,42.82
43.3,41.83,42.92,41.83,42.92,41.83,42.92,41.83,42.92
43.4,41.93,43.01,41.93,43.01,41.93,43.01,41.93,43.01
43.5,42.03,43.11,42.03,43.11,42.03,43.11,42.03,43.11
43.6,42.13,43.21,42.13,43.21,42.13,43.21,42.13,43.21
43.7,42.22,43.30,42.22,43.30,42.22,43.30,42.22,43.30
43.8,42.32,43.40,42.32,43.40,42.32,43.40,42.32,43.40
43.9,42.42,43.50,42.42,43.50,42.42,43.50,42.42,43.50
44.0,42.52,43.60,42.52,43.60,42.52,43.60,42.52,43.60
44.1,42.61,43.69,42.61,43.69,42.61,43.69,42.61,43.69
44.2,42.71,43.79,42.71,43.79,42.71,43.79,42.71,43.79
44.3,42.81,43.89,42.81,43.89,42.81,43.89,42.81,43.89
44.4,42.91,43.98,42.91,43.98,42.91,43.98,42.91,43.98
44.5,43.00,44.08,43.00,44.08,43.00,44.08,43.00,44.08
44.6,43.10,44.18,43.10,44.18,43.10,44.18,43.10,44.18
44.7,43.20,44.27,43.20,44.27,43.20,44.27,43.20,44.27
44.8,43.30,44.37,43.30,44.37,43.30,44.37,43.30,44.37
44.9,43.39,44.47,43.39,44.47,43.39,44.47,43.39,44.47
45.0,43.49,44.56,43.49,44.56,43.49,44.56,43.49,44.56
45.1,43.59,44.66,43.59,44.66,43.59,44.66,43.59,44.66
45.2,43.69,44.76,43.69,44.76,43.69,44.76,43.69,44.76
45.3,43.78,44.86,43.78,44.86,43.78,44.86,43.78,44.86
45.4,43.88,44.95,43.88,44.95,43.88,44.95,43.88,44.95
45.5,43.98,45.05,43.98,45.05,43.98,45.05,43.98,45.05
45.6,44.08,45.15,44.08,45.15,44.08,45.15,44.08,45.15
45.7,44.17,45.24,44.17,45.24,44.17,45.24,44.17,45.24
45.8,44.27,45.34,44.27,45.34,44.27,45.34,44.27,45.34
45.9,44.37,45.44,44.37,45.44,44.37,45.44,44.37,45.44
46.0,44.47,45.53,44.47,45.53,44.47,45.53,44.47,45.53
46.1,44.56,45.63,44.56,45.63,44.56,45.63,44.56,45.63
46.2,44.66,45.73,44.66,45.73,44.66,45.73,44.66,45.73
46.3,44.76,45.82,44.76,45.82,44.76,45.82,44.76,45.82
46.4,44.86,45.92,44.86,45.92,44.86,45.92,44.86,45.92
46.5,44.95,46.02,44.95,46.02,44.95,46.02,44.95,46.02
46.6,45.05,46.11,45.05,46.11,45.05,46.11,45.05,46.11
46.7,45.15,46.21,45.15,46.21,45.15,46.21,45.15,46.21
46.8,45.25,46.31,45.25,46.31,45.25,46.31,45.25,46.31
46.9,45.34,46.41,45.34,46.41,45.34,46.41,45.34,46.41
47.0,45.44,46.50,45.44,46.50,45.44,46.50,45.44,46.50
47.1,45.54,46.60,45.54,46.60,45.54,46.60,45.54,46.60
47.2,45.64,46.70,45.64,46.70,45.64,46.70,45.64,46.70
47.3,45.73,46.79,45.73,46.79,45.73,46.79,45.73,46.79
47.4,45.83,46.89,45.83,46.89,45.83,46.89,45.83,46.89
47.5,45.93,46.99,45.93,46.99,45.93,46.99,45.93,46.99
47.6,46.03,47.08,46.03,47.08,46.03,47.08,46.03,47.08
47.7,46.12,47.18,46.12,47.18,46.12,47.18,46.12,47.18
47.8,46.22,47.28,46.22,47.28,46.22,47.28,46.22,47.28
47.9,46.32,47.37,46.32,47.37,46.32,47.37,46.32,47.37
48.0,46.42,47.47,46.42,47.47,46.42,47.47,46.42,47.47
48.1,46.51,47.57,46.51,47.57,46.51,47.57,46.51,47.57
48.2,46.61,47.67,46.61,47.67,46.61,47.67,46.61,47.67
48.3,46.71,47.76,46.71,47.76,46.71,47.76,46.71,47.76
48.4,46.81,47.86,46.81,47.86,46.81,47.86,46.81,47.86
48.5,46.90,47.96,46.90,47.96,46.90,47.96,46.90,47.96
48.6,47.00,48.05,47.00,48.05,47.00,48.05,47.00,48.05
48.7,47.10,48.15,47.10,48.15,47.10,48.15,47.10,48.15
48.8,47.20,48.25,47.20,48.25,47.20,48.25,47.20,48.25
48.9,47.29,48.34,47.29,48.34,47.29,48.34,47.29,48.34
49.0,47.39,48.44,47.39,48.44,47.39,48.44,47.39,48.44
49.1,47.49,48.54,47.49,48.54,47.49,48.54,47.49,48.54
49.2,47.59,48.63,47.59,48.63,47.59,48.63,47.59,48.63
49.3,47.68,48.73,47.68,48.73,47.68,48.73,47.68,48.73
49.4,47.78,48.83,47.78,48.83,47.78,48.83,47.78,48.83
49.5,47.88,48.93,47.88,48.93,47.88,48.93,47.88,48.93
49.6,47.98,49.02,47.98,49.02,47.98,49.02,47.98,49.02
49.7,48.07,49.12,48.07,49.12,48.07,49.12,48.07,49.12
49.8,48.17,49.22,48.17,49.22,48.17,49.22,48.17,49.22
49.9,48.27,49.31,48.27,49.31,48.27,49.31,48.27,49.31
50.0,48.37,49.41,48.37,49.41,48.37,49.41,48.37,49.41
50.1,48.46,49.51,48.46,49.51,48.46,49.51,48.46,49.51
50.2,48.56,49.60,48.56,49.60,48.56,49.60,48.56,49.60
50.3,48.66,49.70,48.66,49.70,48.66,49.70,48.66,49.70
50.4,48.76,49.80,48.76,49.80,48.76,49.80,48.76,49.80
50.5,48.85,49.89,48.85,49.89,48.85,49.89,48.85,49.89
50.6,48.95,49.99,48.95,49.99,48.95,49.99,48.95,49.99
50.7,49.05,50.09,49.05,50.09,49.05,50.09,49.05,50.09
50.8,49.15,50.18,49.15,50.18,49.15,50.18,49.15,50.18
50.9,49.24,50.28,49.24,50.28,49.24,50.28,49.24,50.28
51.0,49.34,50.38,49.34,50.38,49.34,50.38,49.34,50.38
51.1,49.44,50.48,49.44,50.48,49.44,50.48,49.44,50.48
51.2,49.54,50.57,49.54,50.57,49.54,50.57,49.54,50.57
51.3,49.63,50.67,49.63,50.67,49.63,50.67,49.63,50.67
51.4,49.73,50.77,49.73,50.77,49.73,50.77,49.73,50.77
51.5,49.83,50.86,49.83,50.86,49.83,50.86,49.83,50.86
51.6,49.92,50.96,49.92,50.96,49.92,50.96,49.92,50.96
51.7,50.02,51.06,50.02,51.06,50.02,51.06,50.02,51.06
51.8,50.12,51.15,50.12,51.15,50.12,51.15,50.12,51.15
51.9,50.22,51.25,50.22,51.25,50.22,51.25,50.22,51.25
52.0,50.31,51.35,50.31,51.35,50.31,51.35,50.31,51.35
52.1,50.41,51.44,50.41,51.44,50.41,51.44,50.41,51.44
52.2,50.51,51.54,50.51,51.54,50.51,51.54,50.51,51.54
52.3,50.61,51.64,50.61,51.64,50.61,51.64,50.61,51.64
52.4,50.70,51.73,50.70,51.73,50.70,51.73,50.70,51.73
52.5,50.80,51.83,50.80,51.83,50.80,51.83,50.80,51.83
52.6,50.90,51.93,50.90,51.93,50.90,51.93,50.90,51.93
52.7,51.00,52.03,51.00,52.03,51.00,52.03,51.00,52.03
52.8,51.09,52.12,51.09,52.12,51.09,52.12,51.09,52.12
52.9,51.19,52.22,51.19,52.22,51.19,52.22,51.19,52.22
53.0,51.29,52.32,51.29,52.32,51.29,52.32,51.29,52.32
53.1,51.39,52.41,51.39,52.41,51.39,52.41,51.39,52.41
53.2,51.48,52.51,51.48,52.51,51.48,52.51,51.48,52.51
53.3,51.58,52.61,51.58,52.61,51.58,52.61,51.58,52.61
53.4,51.68,52.70,51.68,52.70,51.68,52.70,51.68,52.70
53.5,51.77,52.80,51.77,52.80,51.77,52.80,51.77,52.80
53.6,51.87,52.90,51.87,52.90,51.87,52.90,51.87,52.90
53.7,51.97,52.99,51.97,52.99,51.97,52.99,51.97,52.99
53.8,52.07,53.09,52.07,53.09,52.07,53.09,52.07,53.09
53.9,52.16,53.19,52.16,53.19,52.16,53.19,52.16,53.19
54.0,52.26,53.28,52.26,53.28,52.26,53.28,52.26,53.28
54.1,52.36,53.38,52.36,53.38,52.36,53.38,52.36,53.38
54.2,52.46,53.48,52.46,53.48,52.46,53.48,52.46,53.48
54.3,52.55,53.58,52.55,53.58,52.55,53.58,52.55,53.58
54.4,52.65,53.67,52.65,53.67,52.65,53.67,52.65,53.67
54.5,52.75,53.77,52.75,53.77,52.75,53.77,52.75,53.77
54.6,52.85,53.87,52.85,53.87,52.85,53.87,52.85,53.87
54.7,52.94,53.96,52.94,53.96,52.94,53.96,52.94,53.96
54.8,53.04,54.06,53.04,54.06,53.04,54.06,53.04,54.06
54.9,53.14,54.16,53.14,54.16,53.14,54.16,53.14,54.16
55.0,53.23,54.25,53.23,54.25,53.23,54.25,53.23,54.25
55.1,53.33,54.35,53.33,54.35,53.33,54.35,53.33,54.35
55.2,53.43,54.45,53.43,54.45,53.43,54.45,53.43,54.45
55.3,53.53,54.54,53.53,54.54,53.53,54.54,53.53,54.54
55.4,53.62,54.64,53.62,54.64,53.62,54.64,53.62,54.64
55.5,53.72,54.74,53.72,54.74,53.72,54.74,53.72,54.74
55.6,53.82,54.83,53.82,54.83,53.82,54.83,53.82,54.83
55.7,53.91,54.93,53.91,54.93,53.91,54.93,53.91,54.93
55.8,54.01,55.03,54.01,55.03,54.01,55.03,54.01,55.03
55.9,54.11,55.13,54.11,55.13,54.11,55.13,54.11,55.13
56.0,54.21,55.22,54.21,55.22,54.21,55.22,54.21,55.22
56.1,54.30,55.32,54.30,55.32,54.30,55.32,54.30,55.32
56.2,54.40,55.42,54.40,55.42,54.40,55.42,54.40,55.42
56.3,54.50,55.51,54.50,55.51,54.50,55.51,54.50,55.51
56.4,54.60,55.61,54.60,55.61,54.60,55.61,54.60,55.61
56.5,54.69,55.71,54.69,55.71,54.69,55.71,54.69,55.71
56.6,54.79,55.80,54.79,55.80,54.79,55.80,54.79,55.80
56.7,54.89,55.90,54.89,55.90,54.89,55.90,54.89,55.90
56.8,54.98,56.00,54.98,56.00,54.98,56.00,54.98,56.00
56.9,55.08,56.09,55.08,56.09,55.08,56.09,55.08,56.09
57.0,55.18,56.19,55.18,56.19,55.18,56.19,55.18,56.19
57.1,55.28,56.29,55.28,56.29,55.28,56.29,55.28,56.29
57.2,55.37,56.38,55.37,56.38,55.37,56.38,55.37,56.38
57.3,55.47,56.48,55.47,56.48,55.47,56.48,55.47,56.48
57.4,55.57,56.58,55.57,56.58,55.57,56.58,55.57,56.58
57.5,55.66,56.67,55.66,56.67,55.66,56.67,55.66,56.67
57.6,55.76,56.77,55.76,56.77,55.76,56.77,55.76,56.77
57.7,55.86,56.87,55.86,56.87,55.86,56.87,55.86,56.87
57.8,55.96,56.97,55.96,56.97,55.96,56.97,55.96,56.97
57.9,56.05,57.06,56.05,57.06,56.05,57.06,56.05,57.06
58.0,56.15,57.16,56.15,57.16,56.15,57.16,56.15,57.16
58.1,56.25,57.26,56.25,57.26,56.25,57.26,56.25,57.26
58.2,56.34,57.35,56.34,57.35,56.34,57.35,56.34,57.35
58.3,56.44,57.45,56.44,57.45,56.44,57.45,56.44,57.45
58.4,56.54,57.55,56.54,57.55,56.54,57.55,56.54,57.55
58.5,56.64,57.64,56.64,57.64,56.64,57.64,56.64,57.64
58.6,56.73,57.74,56.73,57.74,56.73,57.74,56.73,57.74
58.7,56.83,57.84,56.83,57.84,56.83,57.84,56.83,57.84
58.8,56.93,57.93,56.93,57.93,56.93,57.93,56.93,57.93
58.9,57.02,58.03,57.02,58.03,57.02,58.03,57.02,58.03
59.0,57.12,58.13,57.12,58.13,57.12,58.13,57.12,58.13
59.1,57.22,58.22,57.22,58.22,57.22,58.22,57.22,58.22
59.2,57.32,58.32,57.32,58.32,57.32,58.32,57.32,58.32
59.3,57.41,58.42,57.41,58.42,57.41,58.42,57.41,58.42
59.4,57.51,58.51,57.51,58.51,57.51,58.51,57.51,58.51
59.5,57.61,58.61,57.61,58.61,57.61,58.61,57.61,58.61
59.6,57.70,58.71,57.70,58.71,57.70,58.71,57.70,58.71
59.7,57.80,58.81,57.80,58.81,57.80,58.81,57.80,58.81
59.8,57.90,58.90,57.90,58.90,57.90,58.90,57.90,58.90
59.9,57.99,59.00,57.99,59.00,57.99,59.00,57.99,59.00
60.0,58.09,59.10,58.09,59.10,58.09,59.10,58.09,59.10
60.1,58.19,59.19,58.19,59.19,58.19,59.19,58.19,59.19
60.2,58.29,59.29,58.29,59.29,58.29,59.29,58.29,59.29
60.3,58.38,59.39,58.38,59.39,58.38,59.39,58.38,59.39
60.4,58.48,59.48,58.48,59.48,58.48,59.48,58.48,59.48
60.5,58.58,59.58,58.58,59.58,58.58,59.58,58.58,59.58
60.6,58.67,59.68,58.67,59.68,58.67,59.68,58.67,59.68
60.7,58.77,59.77,58.77,59.77,58.77,59.77,58.77,59.77
60.8,58.87,59.87,58.87,59.87,58.87,59.87,58.87,59.87
60.9,58.97,59.97,58.97,59.97,58.97,59.97,58.97,59.97
61.0,59.06,60.06,59.06,60.06,59.06,60.06,59.06,60.06
61.1,59.16,60.16,59.16,60.16,59.16,60.16,59.16,60.16
61.2,59.26,60.26,59.26,60.26,59.26,60.26,59.26,60.26
61.3,59.35,60.35,59.35,60.35,59.35,60.35,59.35,60.35
61.4,59.45,60.45,59.45,60.45,59.45,60.45,59.45,60.45
61.5,59.55,60.55,59.55,60.55,59.55,60.55,59.55,60.55
61.6,59.64,60.65,59.64,60.65,59.64,60.65,59.64,60.65
61.7,59.74,60.74,59.74,60.74,59.74,60.74,59.74,60.74
61.8,59.84,60.84,59.84,60.84,59.84,60.84,59.84,60.84
61.9,59.94,60.94,59.94,60.94,59.94,60.94,59.94,60.94
62.0,60.03,61.03,60.03,61.03,60.03,61.03,60.03,61.03
62.1,60.13,61.13,60.13,61.13,60.13,61.13,60.13,61.13
62.2,60.23,61.23,60.23,61.23,60.23,61.23,60.23,61.23
62.3,60.32,61.32,60.32,61.32,60.32,61.32,60.32,61.32
62.4,60.42,61.42,60.42,61.42,60.42,61.42,60.42,61.42
62.5,60.52,61.52,60.52,61.52,60.52,61.52,60.52,61.52
62.6,60.61,61.61,60.61,61.61,60.61,61.61,60.61,61.61
62.7,60.71,61.71,60.71,61.71,60.71,61.71,60.71,61.71
62.8,60.81,61.81,60.81,61.81,60.81,61.81,60.81,61.81
62.9,60.90,61.90,60.90,61.90,60.90,61.90,60.90,61.90
63.0,61.00,62.00,61.00,62.00,61.00,62.00,61.00,62.00
63.1,61.10,62.10,61.10,62.10,61.10,62.10,61.10,62.10
63.2,61.20,62.19,61.20,62.19,61.20,62.19,61.20,62.19
63.3,61.29,62.29,61.29,62.29,61.29,62.29,61.29,62.29
63.4,61.39,62.39,61.39,62.39,61.39,62.39,61.39,62.39
63.5,61.49,62.48,61.49,62.48,61.49,62.48,61.49,62.48
63.6,61.58,62.58,61.58,62.58,61.58,62.58,61.58,62.58
63.7,61.68,62.68,61.68,62.68,61.68,62.68,61.68,62.68
63.8,61.78,62.78,61.78,62.78,61.78,62.78,61.78,62.78
63.9,61.87,62.87,61.87,62.87,61.87,62.87,61.87,62.87
64.0,61.97,62.97,61.97,62.97,61.97,62.97,61.97,62.97
64.1,62.07,63.07,62.07,63.07,62.07,63.07,62.07,63.07
64.2,62.16,63.16,62.16,63.16,62.16,63.16,62.16,63.16
64.3,62.26,63.26,62.26,63.26,62.26,63.26,62.26,63.26
64.4,62.36,63.36,62.36,63.36,62.36,63.36,62.36,63.36
64.5,62.46,63.45,62.46,63.45,62.46,63.45,62.46,63.45
64.6,62.55,63.55,62.55,63.55,62.55,63.55,62.55,63.55
64.7,62.65,63.65,62.65,63.65,62.65,63.65,62.65,63.65
64.8,62.75,63.74,62.75,63.74,62.75,63.74,62.75,63.74
64.9,62.84,63.84,62.84,63.84,62.84,63.84,62.84,63.84
65.0,62.94,63.94,62.94,63.94,62.94,63.94,62.94,63.94
65.1,63.04,64.03,63.04,64.03,63.04,64.03,63.04,64.03
65.2,63.13,64.13,63.13,64.13,63.13,64.13,63.13,64.13
65.3,63.23,64.23,63.23,64.23,63.23,64.23,63.23,64.23
65.4,63.33,64.32,63.33,64.32,63.33,64.32,63.33,64.32
65.5,63.42,64.42,63.42,64.42,63.42,64.42,63.42,64.42
65.6,63.52,64.52,63.52,64.52,63.52,64.52,63.52,64.52
65.7,63.62,64.62,63.62,64.62,63.62,64.62,63.62,64.62
65.8,63.71,64.71,63.71,64.71,63.71,64.71,63.71,64.71
65.9,63.81,64.81,63.81,64.81,63.81,64.81,63.81,64.81
66.0,63.91,64.91,63.91,64.91,63.91,64.91,63.91,64.91
66.1,64.01,65.00,64.01,65.00,64.01,65.00,64.01,65.00
66.2,64.10,65.10,64.10,65.10,64.10,65.10,64.10,65.10
66.3,64.20,65.20,64.20,65.20,64.20,65.20,64.20,65.20
66.4,64.30,65.29,64.30,65.29,64.30,65.29,64.30,65.29
66.5,64.39,65.39,64.39,65.39,64.39,65.39,64.39,65.39
66.6,64.49,65.49,64.49,65.49,64.49,65.49,64.49,65.49
66.7,64.59,65.58,64.59,65.58,64.59,65.58,64.59,65.58
66.8,64.68,65.68,64.68,65.68,64.68,65.68,64.68,65.68
66.9,64.78,65.78,64.78,65.78,64.78,65.78,64.78,65.78
67.0,64.88,65.87,64.88,65.87,64.88,65.87,64.88,65.87
67.1,64.97,65.97,64.97,65.97,64.97,65.97,64.97,65.97
67.2,65.07,66.07,65.07,66.07,65.07,66.07,65.07,66.07
67.3,65.17,66.16,65.17,66.16,65.17,66.16,65.17,66.16
67.4,65.26,66.26,65.26,66.26,65.26,66.26,65.26,66.26
67.5,65.36,66.36,65.36,66.36,65.36,66.36,65.36,66.36
67.6,65.46,66.45,65.46,66.45,65.46,66.45,65.46,66.45
67.7,65.55,66.55,65.55,66.55,65.55,66.55,65.55,66.55
67.8,65.65,66.65,65.65,66.65,65.65,66.65,65.65,66.65
67.9,65.75,66.75,65.75,66.75,65.75,66.75,65.75,66.75
68.0,65.85,66.84,65.85,66.84,65.85,66.84,65.85,66.84
68.1,65.94,66.94,65.94,66.94,65.94,66.94,65.94,66.94
68.2,66.04,67.04,66.04,67.04,66.04,67.04,66.04,67.04
68.3,66.14,67.13,66.14,67.13,66.14,67.13,66.14,67.13
68.4,66.23,67.23,66.23,67.23,66.23,67.23,66.23,67.23
68.5,66.33,67.33,66.33,67.33,66.33,67.33,66.33,67.33
68.6,66.43,67.42,66.43,67.42,66.43,67.42,66.43,67.42
68.7,66.52,67.52,66.52,67.52,66.52,67.52,66.52,67.52
68.8,66.62,67.62,66.62,67.62,66.62,67.62,66.62,67.62
68.9,66.72,67.71,66.72,67.71,66.72,67.71,66.72,67.71
69.0,66.81,67.81,66.81,67.81,66.81,67.81,66.81,67.81
69.1,66.91,67.91,66.91,67.91,66.91,67.91,66.91,67.91
69.2,67.01,68.00,67.01,68.00,67.01,68.00,67.01,68.00
69.3,67.10,68.10,67.10,68.10,67.10,68.10,67.10,68.10
69.4,67.20,68.20,67.20,68.20,67.20,68.20,67.20,68.20
69.5,67.30,68.29,67.30,68.29,67.30,68.29,67.30,68.29
69.6,67.39,68.39,67.39,68.39,67.39,68.39,67.39,68.39
69.7,67.49,68.49,67.49,68.49,67.49,68.49,67.49,68.49
69.8,67.59,68.58,67.59,68.58,67.59,68.58,67.59,68.58
69.9,67.68,68.68,67.68,68.68,67.68,68.68,67.68,68.68
70.0,67.78,68.78,67.78,68.78,67.78,68.78,67.78,68.78
70.1,67.88,68.88,67.88,68.88,67.88,68.88,67.88,68.88
70.2,67.97,68.97,67.97,68.97,67.97,68.97,67.97,68.97
70.3,68.07,69.07,68.07,69.07,68.07,69.07,68.07,69.07
70.4,68.17,69.17,68.17,69.17,68.17,69.17,68.17,69.17
70.5,68.26,69.26,68.26,69.26,68.26,69.26,68.26,69.26
70.6,68.36,69.36,68.36,69.36,68.36,69.36,68.36,69.36
70.7,68.46,69.46,68.46,69.46,68.46,69.46,68.46,69.46
70.8,68.56,69.55,68.56,69.55,68.56,69.55,68.56,69.55
70.9,68.65,69.65,68.65,69.65,68.65,69.65,68.65,69.65
71.0,68.75,69.75,68.75,69.75,68.75,69.75,68.75,69.75
71.1,68.85,69.84,68.85,69.84,68.85,69.84,68.85,69.84
71.2,68.94,69.94,68.94,69.94,68.94,69.94,68.94,69.94
71.3,69.04,70.04,69.04,70.04,69.04,70.04,69.04,70.04
71.4,69.14,70.13,69.14,70.13,69.14,70.13,69.14,70.13
71.5,69.23,70.23,69.23,70.23,69.23,70.23,69.23,70.23
71.6,69.33,70.33,69.33,70.33,69.33,70.33,69.33,70.33
71.7,69.43,70.42,69.43,70.42,69.43,70.42,69.43,70.42
71.8,69.52,70.52,69.52,70.52,69.52,70.52,69.52,70.52
71.9,69.62,70.62,69.62,70.62,69.62,70.62,69.62,70.62
72.0,69.72,70.71,69.72,70.71,69.72,70.71,69.72,70.71
72.1,69.81,70.81,69.81,70.81,69.81,70.81,69.81,70.81
72.2,69.91,70.91,69.91,70.91,69.91,70.91,69.91,70.91
72.3,70.01,71.00,70.01,71.00,70.01,71.00,70.01,71.00
72.4,70.10,71.10,70.10,71.10,70.10,71.10,70.10,71.10
72.5,70.20,71.20,70.20,71.20,70.20,71.20,70.20,71.20
72.6,70.30,71.30,70.30,71.30,70.30,71.30,70.30,71.30
72.7,70.39,71.39,70.39,71.39,70.39,71.39,70.39,71.39
72.8,70.49,71.49,70.49,71.49,70.49,71.49,70.49,71.49
72.9,70.59,71.59,70.59,71.59,70.59,71.59,70.59,71.59
73.0,70.68,71.68,70.68,71.68,70.68,71.68,70.68,71.68
73.1,70.78,71.78,70.78,71.78,70.78,71.78,70.78,71.78
73.2,70.88,71.88,70.88,71.88,70.88,71.88,70.88,71.88
73.3,70.97,71.97,70.97,71.97,70.97,71.97,70.97,71.97
73.4,71.07,72.07,71.07,72.07,71.07,72.07,71.07,72.07
73.5,71.17,72.17,71.17,72.17,71.17,72.17,71.17,72.17
73.6,71.26,72.26,71.26,72.26,71.26,72.26,71.26,72.26
73.7,71.36,72.36,71.36,72.36,71.36,72.36,71.36,72.36
73.8,71.46,72.46,71.46,72.46,71.46,72.46,71.46,72.46
73.9,71.56,72.55,71.56,72.55,71.56,72.55,71.56,72.55
74.0,71.65,72.65,71.65,72.65,71.65,72.65,71.65,72.65
74.1,71.75,72.75,71.75,72.75,71.75,72.75,71.75,72.75
74.2,71.85,72.84,71.85,72.84,71.85,72.84,71.85,72.84
74.3,71.94,72.94,71.94,72.94,71.94,72.94,71.94,72.94
74.4,72.04,73.04,72.04,73.04,72.04,73.04,72.04,73.04
74.5,72.14,73.13,72.14,73.13,72.14,73.13,72.14,73.13
74.6,72.23,73.23,72.23,73.23,72.23,73.23,72.23,73.23
74.7,72.33,73.33,72.33,73.33,72.33,73.33,72.33,73.33
74.8,72.43,73.42,72.43,73.42,72.43,73.42,72.43,73.42
74.9,72.52,73.52,72.52,73.52,72.52,73.52,72.52,73.52
75.0,72.62,73.62,72.62,73.62,72.62,73.62,72.62,73.62
75.1,72.72,73.71,72.72,73.71,72.72,73.71,72.72,73.71
75.2,72.81,73.81,72.81,73.81,72.81,73.81,72.81,73.81
75.3,72.91,73.91,72.91,73.91,72.91,73.91,72.91,73.91
75.4,73.01,74.00,73.01,74.00,73.01,74.00,73.01,74.00
75.5,73.10,74.10,73.10,74.10,73.10,74.10,73.10,74.10
75.6,73.20,74.20,73.20,74.20,73.20,74.20,73.20,74.20
75.7,73.30,74.29,73.30,74.29,73.30,74.29,73.30,74.29
75.8,73.39,74.39,73.39,74.39,73.39,74.39,73.39,74.39
75.9,73.49,74.49,73.49,74.49,73.49,74.49,73.49,74.49
76.0,73.59,74.58,73.59,74.58,73.59,74.58,73.59,74.58
76.1,73.68,74.68,73.68,74.68,73.68,74.68,73.68,74.68
76.2,73.78,74.78,73.78,74.78,73.78,74.78,73.78,74.78
76.3,73.88,74.87,73.88,74.87,73.88,74.87,73.88,74.87
76.4,73.97,74.97,73.97,74.97,73.97,74.97,73.97,74.97
76.5,74.07,75.07,74.07,75.07,74.07,75.07,74.07,75.07
76.6,74.17,75.16,74.17,75.16,74.17,75.16,74.17,75.16
76.7,74.27,75.26,74.27,75.26,74.27,75.26,74.27,75.26
76.8,74.36,75.36,74.36,75.36,74.36,75.36,74.36,75.36
76.9,74.46,75.45,74.46,75.45,74.46,75.45,74.46,75.45
77.0,74.56,75.55,74.56,75.55,74.56,75.55,74.56,75.55
77.1,74.65,75.65,74.65,75.65,74.65,75.65,74.65,75.65
77.2,74.75,75.74,74.75,75.74,74.75,75.74,74.75,75.74
77.3,74.85,75.84,74.85,75.84,74.85,75.84,74.85,75.84
77.4,74.94,75.94,74.94,75.94,74.94,75.94,74.94,75.94
77.5,75.04,76.03,75.04,76.03,75.04,76.03,75.04,76.03
77.6,75.14,76.13,75.14,76.13,75.14,76.13,75.14,76.13
77.7,75.23,76.23,75.23,76.23,75.23,76.23,75.23,76.23
77.8,75.33,76.32,75.33,76.32,75.33,76.32,75.33,76.32
77.9,75.43,76.42,75.43,76.42,75.43,76.42,75.43,76.42
78.0,75.52,76.52,75.52,76.52,75.52,76.52,75.52,76.52
78.1,75.62,76.61,75.62,76.61,75.62,76.61,75.62,76.61
78.2,75.72,76.71,75.72,76.71,75.72,76.71,75.72,76.71
78.3,75.81,76.81,75.81,76.81,75.81,76.81,75.81,76.81
78.4,75.91,76.90,75.91,76.90,75.91,76.90,75.91,76.90
78.5,76.01,77.00,76.01,77.00,76.01,77.00,76.01,77.00
78.6,76.10,77.10,76.10,77.10,76.10,77.10,76.10,77.10
78.7,76.20,77.19,76.20,77.19,76.20,77.19,76.20,77.19
78.8,76.30,77.29,76.30,77.29,76.30,77.29,76.30,77.29
78.9,76.39,77.39,76.39,77.39,76.39,77.39,76.39,77.39
79.0,76.49,77.48,76.49,77.48,76.49,77.48,76.49,77.48
79.1,76.59,77.58,76.59,77.58,76.59,77.58,76.59,77.58
79.2,76.69,77.68,76.69,77.68,76.69,77.68,76.69,77.68
79.3,76.78,77.77,76.78,77.77,76.78,77.77,76.78,77.77
79.4,76.88,77.87,76.88,77.87,76.88,77.87,76.88,77.87
79.5,76.98,77.96,76.98,77.96,76.98,77.96,76.98,77.96
79.6,77.07,78.06,77.07,78.06,77.07,78.06,77.07,78.06
79.7,77.17,78.16,77.17,78.16,77.17,78.16,77.17,78.16
79.8,77.27,78.25,77.27,78.25,77.27,78.25,77.27,78.25
79.9,77.36,78.35,77.36,78.35,77.36,78.35,77.36,78.35
80.0,77.46,78.45,77.46,78.45,77.46,78.45,77.46,78.45
80.1,77.56,78.54,77.56,78.54,77.56,78.54,77.56,78.54
80.2,77.65,78.64,77.65,78.64,77.65,78.64,77.65,78.64
80.3,77.75,78.74,77.75,78.74,77.75,78.74,77.75,78.74
80.4,77.85,78.83,77.85,78.83,77.85,78.83,77.85,78.83
80.5,77.94,78.93,77.94,78.93,77.94,78.93,77.94,78.93
80.6,78.04,79.02,78.04,79.02,78.04,79.02,78.04,79.02
80.7,78.14,79.12,78.14,79.12,78.14,79.12,78.14,79.12
80.8,78.23,79.22,78.23,79.22,78.23,79.22,78.23,79.22
80.9,78.33,79.31,78.33,79.31,78.33,79.31,78.33,79.31
81.0,78.43,79.41,78.43,79.41,78.43,79.41,78.43,79.41
81.1,78.53,79.51,78.53,79.51,78.53,79.51,78.53,79.51
81.2,78.62,79.60,78.62,79.60,78.62,79.60,78.62,79.60
81.3,78.72,79.70,78.72,79.70,78.72,79.70,78.72,79.70
81.4,78.82,79.80,78.82,79.80,78.82,79.80,78.82,79.80
81.5,78.91,79.89,78.91,79.89,78.91,79.89,78.91,79.89
81.6,79.01,79.99,79.01,79.99,79.01,79.99,79.01,79.99
81.7,79.11,80.08,79.11,80.08,79.11,80.08,79.11,80.08
81.8,79.20,80.18,79.20,80.18,79.20,80.18,79.20,80.18
81.9,79.30,80.28,79.30,80.28,79.30,80.28,79.30,80.28
82.0,79.40,80.37,79.40,80.37,79.40,80.37,79.40,80.37
82.1,79.49,80.47,79.49,80.47,79.49,80.47,79.49,80.47
82.2,79.59,80.56,79.59,80.56,79.59,80.56,79.59,80.56
82.3,79.69,80.66,79.69,80.66,79.69,80.66,79.69,80.66
82.4,79.78,80.76,79.78,80.76,79.78,80.76,79.78,80.76
82.5,79.88,80.85,79.88,80.85,79.88,80.85,79.88,80.85
82.6,79.98,80.95,79.98,80.95,79.98,80.95,79.98,80.95
82.7,80.08,81.04,80.08,81.04,80.08,81.04,80.08,81.04
82.8,80.17,81.14,80.17,81.14,80.17,81.14,80.17,81.14
82.9,80.27,81.24,80.27,81.24,80.27,81.24,80.27,81.24
83.0,80.37,81.33,80.37,81.33,80.37,81.33,80.37,81.33
83.1,80.46,81.43,80.46,81.43,80.46,81.43,80.46,81.43
83.2,80.56,81.52,80.56,81.52,80.56,81.52,80.56,81.52
83.3,80.66,81.62,80.66,81.62,80.66,81.62,80.66,81.62
83.4,80.75,81.72,80.75,81.72,80.75,81.72,80.75,81.72
83.5,80.85,81.81,80.85,81.81,80.85,81.81,80.85,81.81
83.6,80.95,81.91,80.95,81.91,80.95,81.91,80.95,81.91
83.7,81.04,82.00,81.04,82.00,81.04,82.00,81.04,82.00
83.8,81.14,82.10,81.14,82.10,81.14,82.10,81.14,82.10
83.9,81.24,82.20,81.24,82.20,81.24,82.20,81.24,82.20
84.0,81.33,82.29,81.33,82.29,81.33,82.29,81.33,82.29
84.1,81.43,82.39,81.43,82.39,81.43,82.39,81.43,82.39
84.2,81.53,82.48,81.53,82.48,81.53,82.48,81.53,82.48
84.3,81.63,82.58,81.63,82.58,81.63,82.58,81.63,82.58
84.4,81.72,82.68,81.72,82.68,81.72,82.68,81.72,82.68
84.5,81.82,82.77,81.82,82.77,81.82,82.77,81.82,82.77
84.6,81.92,82.87,81.92,82.87,81.92,82.87,81.92,82.87
84.7,82.01,82.96,82.01,82.96,82.01,82.96,82.01,82.96
84.8,82.11,83.06,82.11,83.06,82.11,83.06,82.11,83.06
84.9,82.21,83.15,82.21,83.15,82.21,83.15,82.21,83.15
85.0,82.30,83.25,82.30,83.25,82.30,83.25,82.30,83.25
85.1,82.40,83.34,82.40,83.34,82.40,83.34,82.40,83.34
85.2,82.50,83.44,82.50,83.44,82.50,83.44,82.50,83.44
85.3,82.59,83.54,82.59,83.54,82.59,83.54,82.59,83.54
85.4,82.69,83.63,82.69,83.63,82.69,83.63,82.69,83.63
85.5,82.79,83.73,82.79,83.73,82.79,83.73,82.79,83.73
85.6,82.88,83.82,82.88,83.82,82.88,83.82,82.88,83.82
85.7,82.98,83.92,82.98,83.92,82.98,83.92,82.98,83.92
85.8,83.08,84.01,83.08,84.01,83.08,84.01,83.08,84.01
85.9,83.18,84.11,83.18,84.11,83.18,84.11,83.18,84.11
86.0,83.27,84.20,83.27,84.20,83.27,84.20,83.27,84.20
86.1,83.37,84.30,83.37,84.30,83.37,84.30,83.37,84.30
86.2,83.47,84.39,83.47,84.39,83.47,84.39,83.47,84.39
86.3,83.56,84.49,83.56,84.49,83.56,84.49,83.56,84.49
86.4,83.66,84.58,83.66,84.58,83.66,84.58,83.66,84.58
86.5,83.76,84.68,83.76,84.68,83.76,84.68,83.76,84.68
86.6,83.85,84.78,83.85,84.78,83.85,84.78,83.85,84.78
86.7,83.95,84.87,83.95,84.87,83.95,84.87,83.95,84.87
86.8,84.05,84.97,84.05,84.97,84.05,84.97,84.05,84.97
86.9,84.14,85.06,84.14,85.06,84.14,85.06,84.14,85.06
87.0,84.24,85.16,84.24,85.16,84.24,85.16,84.24,85.16
87.1,84.34,85.25,84.34,85.25,84.34,85.25,84.34,85.25
87.2,84.43,85.35,84.43,85.35,84.43,85.35,84.43,85.35
87.3,84.53,85.44,84.53,85.44,84.53,85.44,84.53,85.44
87.4,84.63,85.54,84.63,85.54,84.63,85.54,84.63,85.54
87.5,84.72,85.63,84.72,85.63,84.72,85.63,84.72,85.63
87.6,84.82,85.73,84.82,85.73,84.82,85.73,84.82,85.73
87.7,84.92,85.82,84.92,85.82,84.92,85.82,84.92,85.82
87.8,85.01,85.92,85.01,85.92,85.01,85.92,85.01,85.92
87.9,85.11,86.01,85.11,86.01,85.11,86.01,85.11,86.01
88.0,85.21,86.10,85.21,86.10,85.21,86.10,85.21,86.10
88.1,85.31,86.20,85.31,86.20,85.31,86.20,85.31,86.20
88.2,85.40,86.29,85.40,86.29,85.40,86.29,85.40,86.29
88.3,85.50,86.39,85.50,86.39,85.50,86.39,85.50,86.39
88.4,85.60,86.48,85.60,86.48,85.60,86.48,85.60,86.48
88.5,85.69,86.58,85.69,86.58,85.69,86.58,85.69,86.58
88.6,85.79,86.67,85.79,86.67,85.79,86.67,85.79,86.67
88.7,85.89,86.77,85.89,86.77,85.89,86.77,85.89,86.77
88.8,85.98,86.86,85.98,86.86,85.98,86.86,85.98,86.86
88.9,86.08,86.96,86.08,86.96,86.08,86.96,86.08,86.96
89.0,86.18,87.05,86.18,87.05,86.18,87.05,86.18,87.05
89.1,86.27,87.14,86.27,87.14,86.27,87.14,86.27,87.14
89.2,86.37,87.24,86.37,87.24,86.37,87.24,86.37,87.24
89.3,86.47,87.33,86.47,87.33,86.47,87.33,86.47,87.33
89.4,86.56,87.43,86.56,87.43,86.56,87.43,86.56,87.43
89.5,86.66,87.52,86.66,87.52,86.66,87.52,86.66,87.52
89.6,86.76,87.62,86.76,87.62,86.76,87.62,86.76,87.62
89.7,86.85,87.71,86.85,87.71,86.85,87.71,86.85,87.71
89.8,86.95,87.80,86.95,87.80,86.95,87.80,86.95,87.80
89.9,87.05,87.90,87.05,87.90,87.05,87.90,87.05,87.90
90.0,87.14,87.99,87.14,87.99,87.14,87.99,87.14,87.99
90.1,87.24,88.09,87.24,88.09,87.24,88.09,87.24,88.09
90.2,87.34,88.18,87.34,88.18,87.34,88.18,87.34,88.18
90.3,87.43,88.27,87.43,88.27,87.43,88.27,87.43,88.27
90.4,87.53,88.37,87.53,88.37,87.53,88.37,87.53,88.37
90.5,87.63,88.46,87.63,88.46,87.63,88.46,87.63,88.46
90.6,87.72,88.56,87.72,88.56,87.72,88.56,87.72,88.56
90.7,87.82,88.65,87.82,88.65,87.82,88.65,87.82,88.65
90.8,87.92,88.74,87.92,88.74,87.92,88.74,87.92,88.74
90.9,88.01,88.84,88.01,88.84,88.01,88.84,88.01,88.84
91.0,88.11,88.93,88.11,88.93,88.11,88.93,88.11,88.93
91.1,88.21,89.02,88.21,89.02,88.21,89.02,88.21,89.02
91.2,88.30,89.12,88.30,89.12,88.30,89.12,88.30,89.12
91.3,88.40,89.21,88.40,89.21,88.40,89.21,88.40,89.21
91.4,88.50,89.30,88.50,89.30,88.50,89.30,88.50,89.30
91.5,88.59,89.40,88.59,89.40,88.59,89.40,88.59,89.40
91.6,88.69,89.49,88.69,89.49,88.69,89.49,88.69,89.49
91.7,88.79,89.58,88.79,89.58,88.79,89.58,88.79,89.58
91.8,88.88,89.68,88.88,89.68,88.88,89.68,88.88,89.68
91.9,88.98,89.77,88.98,89.77,88.98,89.77,88.98,89.77
92.0,89.08,89.86,89.08,89.86,89.08,89.86,89.08,89.86
92.1,89.17,89.96,89.17,89.96,89.17,89.96,89.17,89.96
92.2,89.27,90.05,89.27,90.05,89.27,90.05,89.27,90.05
92.3,89.36,90.14,89.36,90.14,89.36,90.14,89.36,90.14
92.4,89.46,90.23,89.46,90.23,89.46,90.23,89.46,90.23
92.5,89.56,90.33,89.56,90.33,89.56,90.33,89.56,90.33
92.6,89.65,90.42,89.65,90.42,89.65,90.42,89.65,90.42
92.7,89.75,90.51,89.75,90.51,89.75,90.51,89.75,90.51
92.8,89.85,90.60,89.85,90.60,89.85,90.60,89.85,90.60
92.9,89.94,90.70,89.94,90.70,89.94,90.70,89.94,90.70
93.0,90.04,90.79,90.04,90.79,90.04,90.79,90.04,90.79
93.1,90.14,90.88,90.14,90.88,90.14,90.88,90.14,90.88
93.2,90.23,90.97,90.23,90.97,90.23,90.97,90.23,90.97
93.3,90.33,91.07,90.33,91.07,90.33,91.07,90.33,91.07
93.4,90.42,91.16,90.42,91.16,90.42,91.16,90.42,91.16
93.5,90.52,91.25,90.52,91.25,90.52,91.25,90.52,91.25
93.6,90.62,91.34,90.62,91.34,90.62,91.34,90.62,91.34
93.7,90.71,91.44,90.71,91.44,90.71,91.44,90.71,91.44
93.8,90.81,91.53,90.81,91.53,90.81,91.53,90.81,91.53
93.9,90.91,91.62,90.91,91.62,90.91,91.62,90.91,91.62
94.0,91.00,91.71,91.00,91.71,91.00,91.71,91.00,91.71
94.1,91.10,91.80,91.10,91.80,91.10,91.80,91.10,91.80
94.2,91.19,91.89,91.19,91.89,91.19,91.89,91.19,91.89
94.3,91.29,91.99,91.29,91.99,91.29,91.99,91.29,91.99
94.4,91.39,92.08,91.39,92.08,91.39,92.08,91.39,92.08
94.5,91.48,92.17,91.48,92.17,91.48,92.17,91.48,92.17
94.6,91.58,92.26,91.58,92.26,91.58,92.26,91.58,92.26
94.7,91.67,92.35,91.67,92.35,91.67,92.35,91.67,92.35
94.8,91.77,92.44,91.77,92.44,91.77,92.44,91.77,92.44
94.9,91.87,92.53,91.87,92.53,91.87,92.53,91.87,92.53
95.0,91.96,92.63,91.96,92.63,91.96,92.63,91.96,92.63
95.1,92.06,92.72,92.06,92.72,92.06,92.72,92.06,92.72
95.2,92.15,92.81,92.15,92.81,92.15,92.81,92.15,92.81
95.3,92.25,92.90,92.25,92.90,92.25,92.90,92.25,92.90
95.4,92.35,92.99,92.35,92.99,92.35,92.99,92.35,92.99
95.5,92.44,93.08,92.44,93.08,92.44,93.08,92.44,93.08
95.6,92.54,93.17,92.54,93.17,92.54,93.17,92.54,93.17
95.7,92.63,93.26,92.63,93.26,92.63,93.26,92.63,93.26
95.8,92.73,93.35,92.73,93.35,92.73,93.35,92.73,93.35
95.9,92.83,93.44,92.83,93.44,92.83,93.44,92.83,93.44
96.0,92.92,93.53,92.92,93.53,92.92,93.53,92.92,93.53
96.1,93.02,93.62,93.02,93.62,93.02,93.62,93.02,93.62
96.2,93.11,93.71,93.11,93.71,93.11,93.71,93.11,93.71
96.3,93.21,93.80,93.21,93.80,93.21,93.80,93.21,93.80
96.4,93.30,93.89,93.30,93.89,93.30,93.89,93.30,93.89
96.5,93.40,93.98,93.40,93.98,93.40,93.98,93.40,93.98
96.6,93.50,94.07,93.50,94.07,93.50,94.07,93.50,94.07
96.7,93.59,94.16,93.59,94.16,93.59,94.16,93.59,94.16
96.8,93.69,94.25,93.69,94.25,93.69,94.25,93.69,94.25
96.9,93.78,94.34,93.78,94.34,93.78,94.34,93.78,94.34
97.0,93.88,94.43,93.88,94.43,93.88,94.43,93.88,94.43
