1.0,1.87,2.43,1.87,2.43,1.87,2.43,1.87,2.43
1.1,1.96,2.53,1.96,2.53,1.96,2.53,1.96,2.53
1.2,2.04,2.62,2.04,2.62,2.04,2.62,2.04,2.62
1.3,2.13,2.72,2.13,2.72,2.13,2.72,2.13,2.72
1.4,2.22,2.82,2.22,2.82,2.22,2.82,2.22,2.82
1.5,2.31,2.91,2.31,2.91,2.31,2.91,2.31,2.91
1.6,2.39,3.01,2.39,3.01,2.39,3.01,2.39,3.01
1.7,2.48,3.11,2.48,3.11,2.48,3.11,2.48,3.11
1.8,2.57,3.20,2.57,3.20,2.57,3.20,2.57,3.20
1.9,2.66,3.30,2.66,3.30,2.66,3.30,2.66,3.30
2.0,2.75,3.40,2.75,3.40,2.75,3.40,2.75,3.40
2.1,2.83,3.49,2.83,3.49,2.83,3.49,2.83,3.49
2.2,2.92,3.59,2.92,3.59,2.92,3.59,2.92,3.59
2.3,3.01,3.68,3.01,3.68,3.01,3.68,3.01,3.68
2.4,3.10,3.78,3.10,3.78,3.10,3.78,3.10,3.78
2.5,3.19,3.88,3.19,3.88,3.19,3.88,3.19,3.88
2.6,3.28,3.97,3.28,3.97,3.28,3.97,3.28,3.97
2.7,3.36,4.07,3.36,4.07,3.36,4.07,3.36,4.07
2.8,3.45,4.16,3.45,4.16,3.45,4.16,3.45,4.16
2.9,3.54,4.26,3.54,4.26,3.54,4.26,3.54,4.26
3.0,3.63,4.36,3.63,4.36,3.63,4.36,3.63,4.36
3.1,3.72,4.45,3.72,4.45,3.72,4.45,3.72,4.45
3.2,3.81,4.55,3.81,4.55,3.81,4.55,3.81,4.55
3.3,3.90,4.64,3.90,4.64,3.90,4.64,3.90,4.64
3.4,3.99,4.74,3.99,4.74,3.99,4.74,3.99,4.74
3.5,4.08,4.84,4.08,4.84,4.08,4.84,4.08,4.84
3.6,4.17,4.93,4.17,4.93,4.17,4.93,4.17,4.93
3.7,4.25,5.03,4.25,5.03,4.25,5.03,4.25,5.03
3.8,4.34,5.12,4.34,5.12,4.34,5.12,4.34,5.12
3.9,4.43,5.22,4.43,5.22,4.43,5.22,4.43,5.22
4.0,4.52,5.31,4.52,5.31,4.52,5.31,4.52,5.31
4.1,4.61,5.41,4.61,5.41,4.61,5.41,4.61,5.41
4.2,4.70,5.51,4.70,5.51,4.70,5.51,4.70,5.51
4.3,4.79,5.60,4.79,5.60,4.79,5.60,4.79,5.60
4.4,4.88,5.70,4.88,5.70,4.88,5.70,4.88,5.70
4.5,4.97,5.79,4.97,5.79,4.97,5.79,4.97,5.79
4.6,5.06,5.89,5.06,5.89,5.06,5.89,5.06,5.89
4.7,5.15,5.98,5.15,5.98,5.15,5.98,5.15,5.98
4.8,5.24,6.08,5.24,6.08,5.24,6.08,5.24,6.08
4.9,5.33,6.18,5.33,6.18,5.33,6.18,5.33,6.18
5.0,5.42,6.27,5.42,6.27,5.42,6.27,5.42,6.27
5.1,5.51,6.37,5.51,6.37,5.51,6.37,5.51,6.37
5.2,5.60,6.46,5.60,6.46,5.60,6.46,5.60,6.46
5.3,5.69,6.56,5.69,6.56,5.69,6.56,5.69,6.56
5.4,5.78,6.65,5.78,6.65,5.78,6.65,5.78,6.65
5.5,5.87,6.75,5.87,6.75,5.87,6.75,5.87,6.75
5.6,5.96,6.84,5.96,6.84,5.96,6.84,5.96,6.84
5.7,6.05,6.94,6.05,6.94,6.05,6.94,6.05,6.94
5.8,6.14,7.04,6.14,7.04,6.14,7.04,6.14,7.04
5.9,6.23,7.13,6.23,7.13,6.23,7.13,6.23,7.13
6.0,6.33,7.23,6.33,7.23,6.33,7.23,6.33,7.23
6.1,6.42,7.32,6.42,7.32,6.42,7.32,6.42,7.32
6.2,6.51,7.42,6.51,7.42,6.51,7.42,6.51,7.42
6.3,6.60,7.51,6.60,7.51,6.60,7.51,6.60,7.51
6.4,6.69,7.61,6.69,7.61,6.69,7.61,6.69,7.61
6.5,6.78,7.70,6.78,7.70,6.78,7.70,6.78,7.70
6.6,6.87,7.80,6.87,7.80,6.87,7.80,6.87,7.80
6.7,6.96,7.89,6.96,7.89,6.96,7.89,6.96,7.89
6.8,7.05,7.99,7.05,7.99,7.05,7.99,7.05,7.99
6.9,7.14,8.08,7.14,8.08,7.14,8.08,7.14,8.08
7.0,7.24,8.18,7.24,8.18,7.24,8.18,7.24,8.18
7.1,7.33,8.27,7.33,8.27,7.33,8.27,7.33,8.27
7.2,7.42,8.37,7.42,8.37,7.42,8.37,7.42,8.37
7.3,7.51,8.46,7.51,8.46,7.51,8.46,7.51,8.46
7.4,7.60,8.56,7.60,8.56,7.60,8.56,7.60,8.56
7.5,7.69,8.65,7.69,8.65,7.69,8.65,7.69,8.65
7.6,7.78,8.75,7.78,8.75,7.78,8.75,7.78,8.75
7.7,7.88,8.85,7.88,8.85,7.88,8.85,7.88,8.85
7.8,7.97,8.94,7.97,8.94,7.97,8.94,7.97,8.94
7.9,8.06,9.04,8.06,9.04,8.06,9.04,8.06,9.04
8.0,8.15,9.13,8.15,9.13,8.15,9.13,8.15,9.13
8.1,8.24,9.23,8.24,9.23,8.24,9.23,8.24,9.23
8.2,8.33,9.32,8.33,9.32,8.33,9.32,8.33,9.32
8.3,8.43,9.42,8.43,9.42,8.43,9.42,8.43,9.42
8.4,8.52,9.51,8.52,9.51,8.52,9.51,8.52,9.51
8.5,8.61,9.61,8.61,9.61,8.61,9.61,8.61,9.61
8.6,8.70,9.70,8.70,9.70,8.70,9.70,8.70,9.70
8.7,8.79,9.80,8.79,9.80,8.79,9.80,8.79,9.80
8.8,8.89,9.89,8.89,9.89,8.89,9.89,8.89,9.89
8.9,8.98,9.99,8.98,9.99,8.98,9.99,8.98,9.99
9.0,9.07,10.08,9.07,10.08,9.07,10.08,9.07,10.08
9.1,9.16,10.18,9.16,10.18,9.16,10.18,9.16,10.18
9.2,9.26,10.27,9.26,10.27,9.26,10.27,9.26,10.27
9.3,9.35,10.37,9.35,10.37,9.35,10.37,9.35,10.37
9.4,9.44,10.46,9.44,10.46,9.44,10.46,9.44,10.46
9.5,9.53,10.56,9.53,10.56,9.53,10.56,9.53,10.56
9.6,9.62,10.65,9.62,10.65,9.62,10.65,9.62,10.65
9.7,9.72,10.75,9.72,10.75,9.72,10.75,9.72,10.75
9.8,9.81,10.84,9.81,10.84,9.81,10.84,9.81,10.84
9.9,9.90,10.94,9.90,10.94,9.90,10.94,9.90,10.94
10.0,10.00,11.03,10.00,11.03,10.00,11.03,10.00,11.03
10.1,10.09,11.13,10.09,11.13,10.09,11.13,10.09,11.13
10.2,10.18,11.22,10.18,11.22,10.18,11.22,10.18,11.22
10.3,10.27,11.32,10.27,11.32,10.27,11.32,10.27,11.32
10.4,10.37,11.41,10.37,11.41,10.37,11.41,10.37,11.41
10.5,10.46,11.51,10.46,11.51,10.46,11.51,10.46,11.51
10.6,10.55,11.60,10.55,11.60,10.55,11.60,10.55,11.60
10.7,10.64,11.70,10.64,11.70,10.64,11.70,10.64,11.70
10.8,10.74,11.79,10.74,11.79,10.74,11.79,10.74,11.79
10.9,10.83,11.89,10.83,11.89,10.83,11.89,10.83,11.89
11.0,10.92,11.98,10.92,11.98,10.92,11.98,10.92,11.98
11.1,11.02,12.08,11.02,12.08,11.02,12.08,11.02,12.08
11.2,11.11,12.17,11.11,12.17,11.11,12.17,11.11,12.17
11.3,11.20,12.27,11.20,12.27,11.20,12.27,11.20,12.27
11.4,11.30,12.36,11.30,12.36,11.30,12.36,11.30,12.36
11.5,11.39,12.46,11.39,12.46,11.39,12.46,11.39,12.46
11.6,11.48,12.55,11.48,12.55,11.48,12.55,11.48,12.55
11.7,11.58,12.65,11.58,12.65,11.58,12.65,11.58,12.65
11.8,11.67,12.74,11.67,12.74,11.67,12.74,11.67,12.74
11.9,11.76,12.84,11.76,12.84,11.76,12.84,11.76,12.84
12.0,11.86,12.93,11.86,12.93,11.86,12.93,11.86,12.93
12.1,11.95,13.02,11.95,13.02,11.95,13.02,11.95,13.02
12.2,12.04,13.12,12.04,13.12,12.04,13.12,12.04,13.12
12.3,12.14,13.21,12.14,13.21,12.14,13.21,12.14,13.21
12.4,12.23,13.31,12.23,13.31,12.23,13.31,12.23,13.31
12.5,12.32,13.40,12.32,13.40,12.32,13.40,12.32,13.40
12.6,12.42,13.50,12.42,13.50,12.42,13.50,12.42,13.50
12.7,12.51,13.59,12.51,13.59,12.51,13.59,12.51,13.59
12.8,12.60,13.69,12.60,13.69,12.60,13.69,12.60,13.69
12.9,12.70,13.78,12.70,13.78,12.70,13.78,12.70,13.78
13.0,12.79,13.88,12.79,13.88,12.79,13.88,12.79,13.88
13.1,12.89,13.97,12.89,13.97,12.89,13.97,12.89,13.97
13.2,12.98,14.07,12.98,14.07,12.98,14.07,12.98,14.07
13.3,13.07,14.16,13.07,14.16,13.07,14.16,13.07,14.16
13.4,13.17,14.26,13.17,14.26,13.17,14.26,13.17,14.26
13.5,13.26,14.35,13.26,14.35,13.26,14.35,13.26,14.35
13.6,13.36,14.45,13.36,14.45,13.36,14.45,13.36,14.45
13.7,13.45,14.54,13.45,14.54,13.45,14.54,13.45,14.54
13.8,13.54,14.64,13.54,14.64,13.54,14.64,13.54,14.64
13.9,13.64,14.73,13.64,14.73,13.64,14.73,13.64,14.73
14.0,13.73,14.83,13.73,14.83,13.73,14.83,13.73,14.83
14.1,13.83,14.92,13.83,14.92,13.83,14.92,13.83,14.92
14.2,13.92,15.02,13.92,15.02,13.92,15.02,13.92,15.02
14.3,14.01,15.11,14.01,15.11,14.01,15.11,14.01,15.11
14.4,14.11,15.21,14.11,15.21,14.11,15.21,14.11,15.21
14.5,14.20,15.30,14.20,15.30,14.20,15.30,14.20,15.30
14.6,14.30,15.40,14.30,15.40,14.30,15.40,14.30,15.40
14.7,14.39,15.49,14.39,15.49,14.39,15.49,14.39,15.49
14.8,14.48,15.59,14.48,15.59,14.48,15.59,14.48,15.59
14.9,14.58,15.68,14.58,15.68,14.58,15.68,14.58,15.68
15.0,14.67,15.78,14.67,15.78,14.67,15.78,14.67,15.78
15.1,14.77,15.87,14.77,15.87,14.77,15.87,14.77,15.87
15.2,14.86,15.97,14.86,15.97,14.86,15.97,14.86,15.97
15.3,14.96,16.06,14.96,16.06,14.96,16.06,14.96,16.06
15.4,15.05,16.16,15.05,16.16,15.05,16.16,15.05,16.16
15.5,15.15,16.25,15.15,16.25,15.15,16.25,15.15,16.25
15.6,15.24,16.35,15.24,16.35,15.24,16.35,15.24,16.35
15.7,15.33,16.44,15.33,16.44,15.33,16.44,15.33,16.44
15.8,15.43,16.54,15.43,16.54,15.43,16.54,15.43,16.54
15.9,15.52,16.63,15.52,16.63,15.52,16.63,15.52,16.63
16.0,15.62,16.73,15.62,16.73,15.62,16.73,15.62,16.73
16.1,15.71,16.82,15.71,16.82,15.71,16.82,15.71,16.82
16.2,15.81,16.92,15.81,16.92,15.81,16.92,15.81,16.92
16.3,15.90,17.01,15.90,17.01,15.90,17.01,15.90,17.01
16.4,16.00,17.11,16.00,17.11,16.00,17.11,16.00,17.11
16.5,16.09,17.20,16.09,17.20,16.09,17.20,16.09,17.20
16.6,16.19,17.30,16.19,17.30,16.19,17.30,16.19,17.30
16.7,16.28,17.39,16.28,17.39,16.28,17.39,16.28,17.39
16.8,16.38,17.49,16.38,17.49,16.38,17.49,16.38,17.49
16.9,16.47,17.58,16.47,17.58,16.47,17.58,16.47,17.58
17.0,16.57,17.68,16.57,17.68,16.57,17.68,16.57,17.68
17.1,16.66,17.77,16.66,17.77,16.66,17.77,16.66,17.77
17.2,16.76,17.87,16.76,17.87,16.76,17.87,16.76,17.87
17.3,16.85,17.96,16.85,17.96,16.85,17.96,16.85,17.96
17.4,16.95,18.06,16.95,18.06,16.95,18.06,16.95,18.06
17.5,17.04,18.15,17.04,18.15,17.04,18.15,17.04,18.15
17.6,17.14,18.25,17.14,18.25,17.14,18.25,17.14,18.25
17.7,17.23,18.34,17.23,18.34,17.23,18.34,17.23,18.34
17.8,17.33,18.44,17.33,18.44,17.33,18.44,17.33,18.44
17.9,17.42,18.53,17.42,18.53,17.42,18.53,17.42,18.53
18.0,17.52,18.63,17.52,18.63,17.52,18.63,17.52,18.63
18.1,17.61,18.72,17.61,18.72,17.61,18.72,17.61,18.72
18.2,17.71,18.82,17.71,18.82,17.71,18.82,17.71,18.82
18.3,17.80,18.91,17.80,18.91,17.80,18.91,17.80,18.91
18.4,17.90,19.01,17.90,19.01,17.90,19.01,17.90,19.01
18.5,17.99,19.10,17.99,19.10,17.99,19.10,17.99,19.10
18.6,18.09,19.20,18.09,19.20,18.09,19.20,18.09,19.20
18.7,18.18,19.29,18.18,19.29,18.18,19.29,18.18,19.29
18.8,18.28,19.39,18.28,19.39,18.28,19.39,18.28,19.39
18.9,18.37,19.48,18.37,19.48,18.37,19.48,18.37,19.48
19.0,18.47,19.58,18.47,19.58,18.47,19.58,18.47,19.58
19.1,18.56,19.67,18.56,19.67,18.56,19.67,18.56,19.67
19.2,18.66,19.77,18.66,19.77,18.66,19.77,18.66,19.77
19.3,18.75,19.86,18.75,19.86,18.75,19.86,18.75,19.86
19.4,18.85,19.96,18.85,19.96,18.85,19.96,18.85,19.96
19.5,18.94,20.05,18.94,20.05,18.94,20.05,18.94,20.05
19.6,19.04,20.15,19.04,20.15,19.04,20.15,19.04,20.15
19.7,19.13,20.24,19.13,20.24,19.13,20.24,19.13,20.24
19.8,19.23,20.34,19.23,20.34,19.23,20.34,19.23,20.34
19.9,19.33,20.43,19.33,20.43,19.33,20.43,19.33,20.43
20.0,19.42,20.53,19.42,20.53,19.42,20.53,19.42,20.53
20.1,19.52,20.62,19.52,20.62,19.52,20.62,19.52,20.62
20.2,19.61,20.72,19.61,20.72,19.61,20.72,19.61,20.72
20.3,19.71,20.81,19.71,20.81,19.71,20.81,19.71,20.81
20.4,19.80,20.91,19.80,20.91,19.80,20.91,19.80,20.91
20.5,19.90,21.00,19.90,21.00,19.90,21.00,19.90,21.00
20.6,19.99,21.10,19.99,21.10,19.99,21.10,19.99,21.10
20.7,20.09,21.19,20.09,21.19,20.09,21.19,20.09,21.19
20.8,20.19,21.29,20.19,21.29,20.19,21.29,20.19,21.29
20.9,20.28,21.39,20.28,21.39,20.28,21.39,20.28,21.39
21.0,20.38,21.48,20.38,21.48,20.38,21.48,20.38,21.48
21.1,20.47,21.58,20.47,21.58,20.47,21.58,20.47,21.58
21.2,20.57,21.67,20.57,21.67,20.57,21.67,20.57,21.67
21.3,20.66,21.77,20.66,21.77,20.66,21.77,20.66,21.77
21.4,20.76,21.86,20.76,21.86,20.76,21.86,20.76,21.86
21.5,20.85,21.96,20.85,21.96,20.85,21.96,20.85,21.96
21.6,20.95,22.05,20.95,22.05,20.95,22.05,20.95,22.05
21.7,21.05,22.15,21.05,22.15,21.05,22.15,21.05,22.15
21.8,21.14,22.24,21.14,22.24,21.14,22.24,21.14,22.24
21.9,21.24,22.34,21.24,22.34,21.24,22.34,21.24,22.34
22.0,21.33,22.43,21.33,22.43,21.33,22.43,21.33,22.43
22.1,21.43,22.53,21.43,22.53,21.43,22.53,21.43,22.53
22.2,21.52,22.62,21.52,22.62,21.52,22.62,21.52,22.62
22.3,21.62,22.72,21.62,22.72,21.62,22.72,21.62,22.72
22.4,21.72,22.81,21.72,22.81,21.72,22.81,21.72,22.81
22.5,21.81,22.91,21.81,22.91,21.81,22.91,21.81,22.91
22.6,21.91,23.00,21.91,23.00,21.91,23.00,21.91,23.00
22.7,22.00,23.10,22.00,23.10,22.00,23.10,22.00,23.10
22.8,22.10,23.20,22.10,23.20,22.10,23.20,22.10,23.20
22.9,22.20,23.29,22.20,23.29,22.20,23.29,22.20,23.29
23.0,22.29,23.39,22.29,23.39,22.29,23.39,22.29,23.39
23.1,22.39,23.48,22.39,23.48,22.39,23.48,22.39,23.48
23.2,22.48,23.58,22.48,23.58,22.48,23.58,22.48,23.58
23.3,22.58,23.67,22.58,23.67,22.58,23.67,22.58,23.67
23.4,22.68,23.77,22.68,23.77,22.68,23.77,22.68,23.77
23.5,22.77,23.86,22.77,23.86,22.77,23.86,22.77,23.86
23.6,22.87,23.96,22.87,23.96,22.87,23.96,22.87,23.96
23.7,22.96,24.05,22.96,24.05,22.96,24.05,22.96,24.05
23.8,23.06,24.15,23.06,24.15,23.06,24.15,23.06,24.15
23.9,23.16,24.24,23.16,24.24,23.16,24.24,23.16,24.24
24.0,23.25,24.34,23.25,24.34,23.25,24.34,23.25,24.34
24.1,23.35,24.44,23.35,24.44,23.35,24.44,23.35,24.44
24.2,23.44,24.53,23.44,24.53,23.44,24.53,23.44,24.53
24.3,23.54,24.63,23.54,24.63,23.54,24.63,23.54,24.63
24.4,23.64,24.72,23.64,24.72,23.64,24.72,23.64,24.72
24.5,23.73,24.82,23.73,24.82,23.73,24.82,23.73,24.82
24.6,23.83,24.91,23.83,24.91,23.83,24.91,23.83,24.91
24.7,23.92,25.01,23.92,25.01,23.92,25.01,23.92,25.01
24.8,24.02,25.10,24.02,25.10,24.02,25.10,24.02,25.10
24.9,24.12,25.20,24.12,25.20,24.12,25.20,24.12,25.20
25.0,24.21,25.29,24.21,25.29,24.21,25.29,24.21,25.29
25.1,24.31,25.39,24.31,25.39,24.31,25.39,24.31,25.39
25.2,24.40,25.49,24.40,25.49,24.40,25.49,24.40,25.49
25.3,24.50,25.58,24.50,25.58,24.50,25.58,24.50,25.58
25.4,24.60,25.68,24.60,25.68,24.60,25.68,24.60,25.68
25.5,24.69,25.77,24.69,25.77,24.69,25.77,24.69,25.77
25.6,24.79,25.87,24.79,25.87,24.79,25.87,24.79,25.87
25.7,24.89,25.96,24.89,25.96,24.89,25.96,24.89,25.96
25.8,24.98,26.06,24.98,26.06,24.98,26.06,24.98,26.06
25.9,25.08,26.15,25.08,26.15,25.08,26.15,25.08,26.15
26.0,25.17,26.25,25.17,26.25,25.17,26.25,25.17,26.25
26.1,25.27,26.35,25.27,26.35,25.27,26.35,25.27,26.35
26.2,25.37,26.44,25.37,26.44,25.37,26.44,25.37,26.44
26.3,25.46,26.54,25.46,26.54,25.46,26.54,25.46,26.54
26.4,25.56,26.63,25.56,26.63,25.56,26.63,25.56,26.63
26.5,25.65,26.73,25.65,26.73,25.65,26.73,25.65,26.73
26.6,25.75,26.82,25.75,26.82,25.75,26.82,25.75,26.82
26.7,25.85,26.92,25.85,26.92,25.85,26.92,25.85,26.92
26.8,25.94,27.01,25.94,27.01,25.94,27.01,25.94,27.01
26.9,26.04,27.11,26.04,27.11,26.04,27.11,26.04,27.11
27.0,26.14,27.21,26.14,27.21,26.14,27.21,26.14,27.21
27.1,26.23,27.30,26.23,27.30,26.23,27.30,26.23,27.30
27.2,26.33,27.40,26.33,27.40,26.33,27.40,26.33,27.40
27.3,26.43,27.49,26.43,27.49,26.43,27.49,26.43,27.49
27.4,26.52,27.59,26.52,27.59,26.52,27.59,26.52,27.59
27.5,26.62,27.68,26.62,27.68,26.62,27.68,26.62,27.68
27.6,26.71,27.78,26.71,27.78,26.71,27.78,26.71,27.78
27.7,26.81,27.88,26.81,27.88,26.81,27.88,26.81,27.88
27.8,26.91,27.97,26.91,27.97,26.91,27.97,26.91,27.97
27.9,27.00,28.07,27.00,28.07,27.00,28.07,27.00,28.07
28.0,27.10,28.16,27.10,28.16,27.10,28.16,27.10,28.16
28.1,27.20,28.26,27.20,28.26,27.20,28.26,27.20,28.26
28.2,27.29,28.35,27.29,28.35,27.29,28.35,27.29,28.35
28.3,27.39,28.45,27.39,28.45,27.39,28.45,27.39,28.45
28.4,27.49,28.55,27.49,28.55,27.49,28.55,27.49,28.55
28.5,27.58,28.64,27.58,28.64,27.58,28.64,27.58,28.64
28.6,27.68,28.74,27.68,28.74,27.68,28.74,27.68,28.74
28.7,27.77,28.83,27.77,28.83,27.77,28.83,27.77,28.83
28.8,27.87,28.93,27.87,28.93,27.87,28.93,27.87,28.93
28.9,27.97,29.02,27.97,29.02,27.97,29.02,27.97,29.02
29.0,28.06,29.12,28.06,29.12,28.06,29.12,28.06,29.12
29.1,28.16,29.22,28.16,29.22,28.16,29.22,28.16,29.22
29.2,28.26,29.31,28.26,29.31,28.26,29.31,28.26,29.31
29.3,28.35,29.41,28.35,29.41,28.35,29.41,28.35,29.41
29.4,28.45,29.50,28.45,29.50,28.45,29.50,28.45,29.50
29.5,28.55,29.60,28.55,29.60,28.55,29.60,28.55,29.60
29.6,28.64,29.69,28.64,29.69,28.64,29.69,28.64,29.69
29.7,28.74,29.79,28.74,29.79,28.74,29.79,28.74,29.79
29.8,28.84,29.89,28.84,29.89,28.84,29.89,28.84,29.89
29.9,28.93,29.98,28.93,29.98,28.93,29.98,28.93,29.98
30.0,29.03,30.08,29.03,30.08,29.03,30.08,29.03,30.08
30.1,29.13,30.17,29.13,30.17,29.13,30.17,29.13,30.17
30.2,29.22,30.27,29.22,30.27,29.22,30.27,29.22,30.27
30.3,29.32,30.37,29.32,30.37,29.32,30.37,29.32,30.37
30.4,29.42,30.46,29.42,30.46,29.42,30.46,29.42,30.46
30.5,29.51,30.56,29.51,30.56,29.51,30.56,29.51,30.56
30.6,29.61,30.65,29.61,30.65,29.61,30.65,29.61,30.65
30.7,29.70,30.75,29.70,30.75,29.70,30.75,29.70,30.75
30.8,29.80,30.84,29.80,30.84,29.80,30.84,29.80,30.84
30.9,29.90,30.94,29.90,30.94,29.90,30.94,29.90,30.94
31.0,29.99,31.04,29.99,31.04,29.99,31.04,29.99,31.04
31.1,30.09,31.13,30.09,31.13,30.09,31.13,30.09,31.13
31.2,30.19,31.23,30.19,31.23,30.19,31.23,30.19,31.23
31.3,30.28,31.32,30.28,31.32,30.28,31.32,30.28,31.32
31.4,30.38,31.42,30.38,31.42,30.38,31.42,30.38,31.42
31.5,30.48,31.52,30.48,31.52,30.48,31.52,30.48,31.52
31.6,30.57,31.61,30.57,31.61,30.57,31.61,30.57,31.61
31.7,30.67,31.71,30.67,31.71,30.67,31.71,30.67,31.71
31.8,30.77,31.80,30.77,31.80,30.77,31.80,30.77,31.80
31.9,30.86,31.90,30.86,31.90,30.86,31.90,30.86,31.90
32.0,30.96,32.00,30.96,32.00,30.96,32.00,30.96,32.00
32.1,31.06,32.09,31.06,32.09,31.06,32.09,31.06,32.09
32.2,31.15,32.19,31.15,32.19,31.15,32.19,31.15,32.19
32.3,31.25,32.28,31.25,32.28,31.25,32.28,31.25,32.28
32.4,31.35,32.38,31.35,32.38,31.35,32.38,31.35,32.38
32.5,31.44,32.48,31.44,32.48,31.44,32.48,31.44,32.48
32.6,31.54,32.57,31.54,32.57,31.54,32.57,31.54,32.57
32.7,31.64,32.67,31.64,32.67,31.64,32.67,31.64,32.67
32.8,31.73,32.76,31.73,32.76,31.73,32.76,31.73,32.76
32.9,31.83,32.86,31.83,32.86,31.83,32.86,31.83,32.86
33.0,31.93,32.96,31.93,32.96,31.93,32.96,31.93,32.96
33.1,32.02,33.05,32.02,33.05,32.02,33.05,32.02,33.05
33.2,32.12,33.15,32.12,33.15,32.12,33.15,32.12,33.15
33.3,32.22,33.24,32.22,33.24,32.22,33.24,32.22,33.24
33.4,32.31,33.34,32.31,33.34,32.31,33.34,32.31,33.34
33.5,32.41,33.44,32.41,33.44,32.41,33.44,32.41,33.44
33.6,32.51,33.53,32.51,33.53,32.51,33.53,32.51,33.53
33.7,32.60,33.63,32.60,33.63,32.60,33.63,32.60,33.63
33.8,32.70,33.72,32.70,33.72,32.70,33.72,32.70,33.72
33.9,32.80,33.82,32.80,33.82,32.80,33.82,32.80,33.82
34.0,32.89,33.92,32.89,33.92,32.89,33.92,32.89,33.92
34.1,32.99,34.01,32.99,34.01,32.99,34.01,32.99,34.01
34.2,33.09,34.11,33.09,34.11,33.09,34.11,33.09,34.11
34.3,33.18,34.20,33.18,34.20,33.18,34.20,33.18,34.20
34.4,33.28,34.30,33.28,34.30,33.28,34.30,33.28,34.30
34.5,33.38,34.40,33.38,34.40,33.38,34.40,33.38,34.40
34.6,33.47,34.49,33.47,34.49,33.47,34.49,33.47,34.49
34.7,33.57,34.59,33.57,34.59,33.57,34.59,33.57,34.59
34.8,33.67,34.68,33.67,34.68,33.67,34.68,33.67,34.68
34.9,33.76,34.78,33.76,34.78,33.76,34.78,33.76,34.78
35.0,33.86,34.88,33.86,34.88,33.86,34.88,33.86,34.88
35.1,33.96,34.97,33.96,34.97,33.96,34.97,33.96,34.97
35.2,34.05,35.07,34.05,35.07,34.05,35.07,34.05,35.07
35.3,34.15,35.17,34.15,35.17,34.15,35.17,34.15,35.17
35.4,34.25,35.26,34.25,35.26,34.25,35.26,34.25,35.26
35.5,34.34,35.36,34.34,35.36,34.34,35.36,34.34,35.36
35.6,34.44,35.45,34.44,35.45,34.44,35.45,34.44,35.45
35.7,34.54,35.55,34.54,35.55,34.54,35.55,34.54,35.55
35.8,34.63,35.65,34.63,35.65,34.63,35.65,34.63,35.65
35.9,34.73,35.74,34.73,35.74,34.73,35.74,34.73,35.74
36.0,34.83,35.84,34.83,35.84,34.83,35.84,34.83,35.84
36.1,34.93,35.93,34.93,35.93,34.93,35.93,34.93,35.93
36.2,35.02,36.03,35.02,36.03,35.02,36.03,35.02,36.03
36.3,35.12,36.13,35.12,36.13,35.12,36.13,35.12,36.13
36.4,35.22,36.22,35.22,36.22,35.22,36.22,35.22,36.22
36.5,35.31,36.32,35.31,36.32,35.31,36.32,35.31,36.32
36.6,35.41,36.42,35.41,36.42,35.41,36.42,35.41,36.42
36.7,35.51,36.51,35.51,36.51,35.51,36.51,35.51,36.51
36.8,35.60,36.61,35.60,36.61,35.60,36.61,35.60,36.61
36.9,35.70,36.70,35.70,36.70,35.70,36.70,35.70,36.70
37.0,35.80,36.80,35.80,36.80,35.80,36.80,35.80,36.80
37.1,35.89,36.90,35.89,36.90,35.89,36.90,35.89,36.90
37.2,35.99,36.99,35.99,36.99,35.99,36.99,35.99,36.99
37.3,36.09,37.09,36.09,37.09,36.09,37.09,36.09,37.09
37.4,36.18,37.18,36.18,37.18,36.18,37.18,36.18,37.18
37.5,36.28,37.28,36.28,37.28,36.28,37.28,36.28,37.28
37.6,36.38,37.38,36.38,37.38,36.38,37.38,36.38,37.38
37.7,36.47,37.47,36.47,37.47,36.47,37.47,36.47,37.47
37.8,36.57,37.57,36.57,37.57,36.57,37.57,36.57,37.57
37.9,36.67,37.67,36.67,37.67,36.67,37.67,36.67,37.67
38.0,36.76,37.76,36.76,37.76,36.76,37.76,36.76,37.76
38.1,36.86,37.86,36.86,37.86,36.86,37.86,36.86,37.86
38.2,36.96,37.95,36.96,37.95,36.96,37.95,36.96,37.95
38.3,37.05,38.05,37.05,38.05,37.05,38.05,37.05,38.05
38.4,37.15,38.15,37.15,38.15,37.15,38.15,37.15,38.15
38.5,37.25,38.24,37.25,38.24,37.25,38.24,37.25,38.24
38.6,37.35,38.34,37.35,38.34,37.35,38.34,37.35,38.34
38.7,37.44,38.44,37.44,38.44,37.44,38.44,37.44,38.44
38.8,37.54,38.53,37.54,38.53,37.54,38.53,37.54,38.53
38.9,37.64,38.63,37.64,38.63,37.64,38.63,37.64,38.63
39.0,37.73,38.72,37.73,38.72,37.73,38.72,37.73,38.72
39.1,37.83,38.82,37.83,38.82,37.83,38.82,37.83,38.82
39.2,37.93,38.92,37.93,38.92,37.93,38.92,37.93,38.92
39.3,38.02,39.01,38.02,39.01,38.02,39.01,38.02,39.01
39.4,38.12,39.11,38.12,39.11,38.12,39.11,38.12,39.11
39.5,38.22,39.21,38.22,39.21,38.22,39.21,38.22,39.21
39.6,38.31,39.30,38.31,39.30,38.31,39.30,38.31,39.30
39.7,38.41,39.40,38.41,39.40,38.41,39.40,38.41,39.40
39.8,38.51,39.50,38.51,39.50,38.51,39.50,38.51,39.50
39.9,38.60,39.59,38.60,39.59,38.60,39.59,38.60,39.59
40.0,38.70,39.69,38.70,39.69,38.70,39.69,38.70,39.69
40.1,38.80,39.78,38.80,39.78,38.80,39.78,38.80,39.78
40.2,38.89,39.88,38.89,39.88,38.89,39.88,38.89,39.88
40.3,38.99,39.98,38.99,39.98,38.99,39.98,38.99,39.98
40.4,39.09,40.07,39.09,40.07,39.09,40.07,39.09,40.07
40.5,39.19,40.17,39.19,40.17,39.19,40.17,39.19,40.17
40.6,39.28,40.27,39.28,40.27,39.28,40.27,39.28,40.27
40.7,39.38,40.36,39.38,40.36,39.38,40.36,39.38,40.36
40.8,39.48,40.46,39.48,40.46,39.48,40.46,39.48,40.46
40.9,39.57,40.55,39.57,40.55,39.57,40.55,39.57,40.55
41.0,39.67,40.65,39.67,40.65,39.67,40.65,39.67,40.65
41.1,39.77,40.75,39.77,40.75,39.77,40.75,39.77,40.75
41.2,39.86,40.84,39.86,40.84,39.86,40.84,39.86,40.84
41.3,39.96,40.94,39.96,40.94,39.96,40.94,39.96,40.94
41.4,40.06,41.04,40.06,41.04,40.06,41.04,40.06,41.04
41.5,40.15,41.13,40.15,41.13,40.15,41.13,40.15,41.13
41.6,40.25,41.23,40.25,41.23,40.25,41.23,40.25,41.23
41.7,40.35,41.33,40.35,41.33,40.35,41.33,40.35,41.33
41.8,40.44,41.42,40.44,41.42,40.44,41.42,40.44,41.42
41.9,40.54,41.52,40.54,41.52,40.54,41.52,40.54,41.52
42.0,40.64,41.61,40.64,41.61,40.64,41.61,40.64,41.61
42.1,40.74,41.71,40.74,41.71,40.74,41.71,40.74,41.71
42.2,40.83,41.81,40.83,41.81,40.83,41.81,40.83,41.81
42.3,40.93,41.90,40.93,41.90,40.93,41.90,40.93,41.90
42.4,41.03,42.00,41.03,42.00,41.03,42.00,41.03,42.00
42.5,41.12,42.10,41.12,42.10,41.12,42.10,41.12,42.10
42.6,41.22,42.19,41.22,42.19,41.22,42.19,41.22,42.19
42.7,41.32,42.29,41.32,42.29,41.32,42.29,41.32,42.29
42.8,41.41,42.39,41.41,42.39,41.41,42.39,41.41,42.39
42.9,41.51,42.48,41.51,42.48,41.51,42.48,41.51,42.48
43.0,41.61,42.58,41.61,42.58,41.61,42.58,41.61,42.58
43.1,41.70,42.68,41.70,42.68,41.70,42.68,41.70,42.68
43.2,41.80,42.77,41.80,42.77,41.80,42.77,41.80,42.77
43.3,41.90,42.87,41.90,42.87,41.90,42.87,41.90,42.87
43.4,41.99,42.96,41.99,42.96,41.99,42.96,41.99,42.96
43.5,42.09,43.06,42.09,43.06,42.09,43.06,42.09,43.06
43.6,42.19,43.16,42.19,43.16,42.19,43.16,42.19,43.16
43.7,42.29,43.25,42.29,43.25,42.29,43.25,42.29,43.25
43.8,42.38,43.35,42.38,43.35,42.38,43.35,42.38,43.35
43.9,42.48,43.45,42.48,43.45,42.48,43.45,42.48,43.45
44.0,42.58,43.54,42.58,43.54,42.58,43.54,42.58,43.54
44.1,42.67,43.64,42.67,43.64,42.67,43.64,42.67,43.64
44.2,42.77,43.74,42.77,43.74,42.77,43.74,42.77,43.74
44.3,42.87,43.83,42.87,43.83,42.87,43.83,42.87,43.83
44.4,42.96,43.93,42.96,43.93,42.96,43.93,42.96,43.93
44.5,43.06,44.03,43.06,44.03,43.06,44.03,43.06,44.03
44.6,43.16,44.12,43.16,44.12,43.16,44.12,43.16,44.12
44.7,43.25,44.22,43.25,44.22,43.25,44.22,43.25,44.22
44.8,43.35,44.31,43.35,44.31,43.35,44.31,43.35,44.31
44.9,43.45,44.41,43.45,44.41,43.45,44.41,43.45,44.41
45.0,43.55,44.51,43.55,44.51,43.55,44.51,43.55,44.51
45.1,43.64,44.60,43.64,44.60,43.64,44.60,43.64,44.60
45.2,43.74,44.70,43.74,44.70,43.74,44.70,43.74,44.70
45.3,43.84,44.80,43.84,44.80,43.84,44.80,43.84,44.80
45.4,43.93,44.89,43.93,44.89,43.93,44.89,43.93,44.89
45.5,44.03,44.99,44.03,44.99,44.03,44.99,44.03,44.99
45.6,44.13,45.09,44.13,45.09,44.13,45.09,44.13,45.09
45.7,44.22,45.18,44.22,45.18,44.22,45.18,44.22,45.18
45.8,44.32,45.28,44.32,45.28,44.32,45.28,44.32,45.28
45.9,44.42,45.38,44.42,45.38,44.42,45.38,44.42,45.38
46.0,44.51,45.47,44.51,45.47,44.51,45.47,44.51,45.47
46.1,44.61,45.57,44.61,45.57,44.61,45.57,44.61,45.57
46.2,44.71,45.66,44.71,45.66,44.71,45.66,44.71,45.66
46.3,44.81,45.76,44.81,45.76,44.81,45.76,44.81,45.76
46.4,44.90,45.86,44.90,45.86,44.90,45.86,44.90,45.86
46.5,45.00,45.95,45.00,45.95,45.00,45.95,45.00,45.95
46.6,45.10,46.05,45.10,46.05,45.10,46.05,45.10,46.05
46.7,45.19,46.15,45.19,46.15,45.19,46.15,45.19,46.15
46.8,45.29,46.24,45.29,46.24,45.29,46.24,45.29,46.24
46.9,45.39,46.34,45.39,46.34,45.39,46.34,45.39,46.34
47.0,45.48,46.44,45.48,46.44,45.48,46.44,45.48,46.44
47.1,45.58,46.53,45.58,46.53,45.58,46.53,45.58,46.53
47.2,45.68,46.63,45.68,46.63,45.68,46.63,45.68,46.63
47.3,45.77,46.73,45.77,46.73,45.77,46.73,45.77,46.73
47.4,45.87,46.82,45.87,46.82,45.87,46.82,45.87,46.82
47.5,45.97,46.92,45.97,46.92,45.97,46.92,45.97,46.92
47.6,46.07,47.02,46.07,47.02,46.07,47.02,46.07,47.02
47.7,46.16,47.11,46.16,47.11,46.16,47.11,46.16,47.11
47.8,46.26,47.21,46.26,47.21,46.26,47.21,46.26,47.21
47.9,46.36,47.31,46.36,47.31,46.36,47.31,46.36,47.31
48.0,46.45,47.40,46.45,47.40,46.45,47.40,46.45,47.40
48.1,46.55,47.50,46.55,47.50,46.55,47.50,46.55,47.50
48.2,46.65,47.59,46.65,47.59,46.65,47.59,46.65,47.59
48.3,46.74,47.69,46.74,47.69,46.74,47.69,46.74,47.69
48.4,46.84,47.79,46.84,47.79,46.84,47.79,46.84,47.79
48.5,46.94,47.88,46.94,47.88,46.94,47.88,46.94,47.88
48.6,47.04,47.98,47.04,47.98,47.04,47.98,47.04,47.98
48.7,47.13,48.08,47.13,48.08,47.13,48.08,47.13,48.08
48.8,47.23,48.17,47.23,48.17,47.23,48.17,47.23,48.17
48.9,47.33,48.27,47.33,48.27,47.33,48.27,47.33,48.27
49.0,47.42,48.37,47.42,48.37,47.42,48.37,47.42,48.37
49.1,47.52,48.46,47.52,48.46,47.52,48.46,47.52,48.46
49.2,47.62,48.56,47.62,48.56,47.62,48.56,47.62,48.56
49.3,47.71,48.66,47.71,48.66,47.71,48.66,47.71,48.66
49.4,47.81,48.75,47.81,48.75,47.81,48.75,47.81,48.75
49.5,47.91,48.85,47.91,48.85,47.91,48.85,47.91,48.85
49.6,48.00,48.95,48.00,48.95,48.00,48.95,48.00,48.95
49.7,48.10,49.04,48.10,49.04,48.10,49.04,48.10,49.04
49.8,48.20,49.14,48.20,49.14,48.20,49.14,48.20,49.14
49.9,48.30,49.24,48.30,49.24,48.30,49.24,48.30,49.24
50.0,48.39,49.33,48.39,49.33,48.39,49.33,48.39,49.33
50.1,48.49,49.43,48.49,49.43,48.49,49.43,48.49,49.43
50.2,48.59,49.53,48.59,49.53,48.59,49.53,48.59,49.53
50.3,48.68,49.62,48.68,49.62,48.68,49.62,48.68,49.62
50.4,48.78,49.72,48.78,49.72,48.78,49.72,48.78,49.72
50.5,48.88,49.82,48.88,49.82,48.88,49.82,48.88,49.82
50.6,48.97,49.91,48.97,49.91,48.97,49.91,48.97,49.91
50.7,49.07,50.01,49.07,50.01,49.07,50.01,49.07,50.01
50.8,49.17,50.10,49.17,50.10,49.17,50.10,49.17,50.10
50.9,49.27,50.20,49.27,50.20,49.27,50.20,49.27,50.20
51.0,49.36,50.30,49.36,50.30,49.36,50.30,49.36,50.30
51.1,49.46,50.39,49.46,50.39,49.46,50.39,49.46,50.39
51.2,49.56,50.49,49.56,50.49,49.56,50.49,49.56,50.49
51.3,49.65,50.59,49.65,50.59,49.65,50.59,49.65,50.59
51.4,49.75,50.68,49.75,50.68,49.75,50.68,49.75,50.68
51.5,49.85,50.78,49.85,50.78,49.85,50.78,49.85,50.78
51.6,49.94,50.88,49.94,50.88,49.94,50.88,49.94,50.88
51.7,50.04,50.97,50.04,50.97,50.04,50.97,50.04,50.97
51.8,50.14,51.07,50.14,51.07,50.14,51.07,50.14,51.07
51.9,50.24,51.17,50.24,51.17,50.24,51.17,50.24,51.17
52.0,50.33,51.26,50.33,51.26,50.33,51.26,50.33,51.26
52.1,50.43,51.36,50.43,51.36,50.43,51.36,50.43,51.36
52.2,50.53,51.46,50.53,51.46,50.53,51.46,50.53,51.46
52.3,50.62,51.55,50.62,51.55,50.62,51.55,50.62,51.55
52.4,50.72,51.65,50.72,51.65,50.72,51.65,50.72,51.65
52.5,50.82,51.75,50.82,51.75,50.82,51.75,50.82,51.75
52.6,50.91,51.84,50.91,51.84,50.91,51.84,50.91,51.84
52.7,51.01,51.94,51.01,51.94,51.01,51.94,51.01,51.94
52.8,51.11,52.04,51.11,52.04,51.11,52.04,51.11,52.04
52.9,51.21,52.13,51.21,52.13,51.21,52.13,51.21,52.13
53.0,51.30,52.23,51.30,52.23,51.30,52.23,51.30,52.23
53.1,51.40,52.33,51.40,52.33,51.40,52.33,51.40,52.33
53.2,51.50,52.42,51.50,52.42,51.50,52.42,51.50,52.42
53.3,51.59,52.52,51.59,52.52,51.59,52.52,51.59,52.52
53.4,51.69,52.62,51.69,52.62,51.69,52.62,51.69,52.62
53.5,51.79,52.71,51.79,52.71,51.79,52.71,51.79,52.71
53.6,51.88,52.81,51.88,52.81,51.88,52.81,51.88,52.81
53.7,51.98,52.91,51.98,52.91,51.98,52.91,51.98,52.91
53.8,52.08,53.00,52.08,53.00,52.08,53.00,52.08,53.00
53.9,52.18,53.10,52.18,53.10,52.18,53.10,52.18,53.10
54.0,52.27,53.20,52.27,53.20,52.27,53.20,52.27,53.20
54.1,52.37,53.29,52.37,53.29,52.37,53.29,52.37,53.29
54.2,52.47,53.39,52.47,53.39,52.47,53.39,52.47,53.39
54.3,52.56,53.49,52.56,53.49,52.56,53.49,52.56,53.49
54.4,52.66,53.58,52.66,53.58,52.66,53.58,52.66,53.58
54.5,52.76,53.68,52.76,53.68,52.76,53.68,52.76,53.68
54.6,52.85,53.77,52.85,53.77,52.85,53.77,52.85,53.77
54.7,52.95,53.87,52.95,53.87,52.95,53.87,52.95,53.87
54.8,53.05,53.97,53.05,53.97,53.05,53.97,53.05,53.97
54.9,53.15,54.06,53.15,54.06,53.15,54.06,53.15,54.06
55.0,53.24,54.16,53.24,54.16,53.24,54.16,53.24,54.16
55.1,53.34,54.26,53.34,54.26,53.34,54.26,53.34,54.26
55.2,53.44,54.35,53.44,54.35,53.44,54.35,53.44,54.35
55.3,53.53,54.45,53.53,54.45,53.53,54.45,53.53,54.45
55.4,53.63,54.55,53.63,54.55,53.63,54.55,53.63,54.55
55.5,53.73,54.64,53.73,54.64,53.73,54.64,53.73,54.64
55.6,53.82,54.74,53.82,54.74,53.82,54.74,53.82,54.74
55.7,53.92,54.84,53.92,54.84,53.92,54.84,53.92,54.84
55.8,54.02,54.93,54.02,54.93,54.02,54.93,54.02,54.93
55.9,54.12,55.03,54.12,55.03,54.12,55.03,54.12,55.03
56.0,54.21,55.13,54.21,55.13,54.21,55.13,54.21,55.13
56.1,54.31,55.22,54.31,55.22,54.31,55.22,54.31,55.22
56.2,54.41,55.32,54.41,55.32,54.41,55.32,54.41,55.32
56.3,54.50,55.42,54.50,55.42,54.50,55.42,54.50,55.42
56.4,54.60,55.51,54.60,55.51,54.60,55.51,54.60,55.51
56.5,54.70,55.61,54.70,55.61,54.70,55.61,54.70,55.61
56.6,54.79,55.71,54.79,55.71,54.79,55.71,54.79,55.71
56.7,54.89,55.80,54.89,55.80,54.89,55.80,54.89,55.80
56.8,54.99,55.90,54.99,55.90,54.99,55.90,54.99,55.90
56.9,55.09,56.00,55.09,56.00,55.09,56.00,55.09,56.00
57.0,55.18,56.09,55.18,56.09,55.18,56.09,55.18,56.09
57.1,55.28,56.19,55.28,56.19,55.28,56.19,55.28,56.19
57.2,55.38,56.29,55.38,56.29,55.38,56.29,55.38,56.29
57.3,55.47,56.38,55.47,56.38,55.47,56.38,55.47,56.38
57.4,55.57,56.48,55.57,56.48,55.57,56.48,55.57,56.48
57.5,55.67,56.58,55.67,56.58,55.67,56.58,55.67,56.58
57.6,55.76,56.67,55.76,56.67,55.76,56.67,55.76,56.67
57.7,55.86,56.77,55.86,56.77,55.86,56.77,55.86,56.77
57.8,55.96,56.87,55.96,56.87,55.96,56.87,55.96,56.87
57.9,56.06,56.96,56.06,56.96,56.06,56.96,56.06,56.96
58.0,56.15,57.06,56.15,57.06,56.15,57.06,56.15,57.06
58.1,56.25,57.16,56.25,57.16,56.25,57.16,56.25,57.16
58.2,56.35,57.25,56.35,57.25,56.35,57.25,56.35,57.25
58.3,56.44,57.35,56.44,57.35,56.44,57.35,56.44,57.35
58.4,56.54,57.45,56.54,57.45,56.54,57.45,56.54,57.45
58.5,56.64,57.54,56.64,57.54,56.64,57.54,56.64,57.54
58.6,56.74,57.64,56.74,57.64,56.74,57.64,56.74,57.64
58.7,56.83,57.74,56.83,57.74,56.83,57.74,56.83,57.74
58.8,56.93,57.83,56.93,57.83,56.93,57.83,56.93,57.83
58.9,57.03,57.93,57.03,57.93,57.03,57.93,57.03,57.93
59.0,57.12,58.03,57.12,58.03,57.12,58.03,57.12,58.03
59.1,57.22,58.12,57.22,58.12,57.22,58.12,57.22,58.12
59.2,57.32,58.22,57.32,58.22,57.32,58.22,57.32,58.22
59.3,57.41,58.32,57.41,58.32,57.41,58.32,57.41,58.32
59.4,57.51,58.41,57.51,58.41,57.51,58.41,57.51,58.41
59.5,57.61,58.51,57.61,58.51,57.61,58.51,57.61,58.51
59.6,57.71,58.61,57.71,58.61,57.71,58.61,57.71,58.61
59.7,57.80,58.70,57.80,58.70,57.80,58.70,57.80,58.70
59.8,57.90,58.80,57.90,58.80,57.90,58.80,57.90,58.80
59.9,58.00,58.90,58.00,58.90,58.00,58.90,58.00,58.90
60.0,58.09,58.99,58.09,58.99,58.09,58.99,58.09,58.99
60.1,58.19,59.09,58.19,59.09,58.19,59.09,58.19,59.09
60.2,58.29,59.19,58.29,59.19,58.29,59.19,58.29,59.19
60.3,58.38,59.28,58.38,59.28,58.38,59.28,58.38,59.28
60.4,58.48,59.38,58.48,59.38,58.48,59.38,58.48,59.38
60.5,58.58,59.48,58.58,59.48,58.58,59.48,58.58,59.48
60.6,58.68,59.57,58.68,59.57,58.68,59.57,58.68,59.57
60.7,58.77,59.67,58.77,59.67,58.77,59.67,58.77,59.67
60.8,58.87,59.77,58.87,59.77,58.87,59.77,58.87,59.77
60.9,58.97,59.86,58.97,59.86,58.97,59.86,58.97,59.86
61.0,59.06,59.96,59.06,59.96,59.06,59.96,59.06,59.96
61.1,59.16,60.06,59.16,60.06,59.16,60.06,59.16,60.06
61.2,59.26,60.15,59.26,60.15,59.26,60.15,59.26,60.15
61.3,59.36,60.25,59.36,60.25,59.36,60.25,59.36,60.25
61.4,59.45,60.35,59.45,60.35,59.45,60.35,59.45,60.35
61.5,59.55,60.44,59.55,60.44,59.55,60.44,59.55,60.44
61.6,59.65,60.54,59.65,60.54,59.65,60.54,59.65,60.54
61.7,59.74,60.64,59.74,60.64,59.74,60.64,59.74,60.64
61.8,59.84,60.73,59.84,60.73,59.84,60.73,59.84,60.73
61.9,59.94,60.83,59.94,60.83,59.94,60.83,59.94,60.83
62.0,60.03,60.93,60.03,60.93,60.03,60.93,60.03,60.93
62.1,60.13,61.02,60.13,61.02,60.13,61.02,60.13,61.02
62.2,60.23,61.12,60.23,61.12,60.23,61.12,60.23,61.12
62.3,60.33,61.22,60.33,61.22,60.33,61.22,60.33,61.22
62.4,60.42,61.31,60.42,61.31,60.42,61.31,60.42,61.31
62.5,60.52,61.41,60.52,61.41,60.52,61.41,60.52,61.41
62.6,60.62,61.51,60.62,61.51,60.62,61.51,60.62,61.51
62.7,60.71,61.60,60.71,61.60,60.71,61.60,60.71,61.60
62.8,60.81,61.70,60.81,61.70,60.81,61.70,60.81,61.70
62.9,60.91,61.80,60.91,61.80,60.91,61.80,60.91,61.80
63.0,61.01,61.89,61.01,61.89,61.01,61.89,61.01,61.89
63.1,61.10,61.99,61.10,61.99,61.10,61.99,61.10,61.99
63.2,61.20,62.09,61.20,62.09,61.20,62.09,61.20,62.09
63.3,61.30,62.18,61.30,62.18,61.30,62.18,61.30,62.18
63.4,61.39,62.28,61.39,62.28,61.39,62.28,61.39,62.28
63.5,61.49,62.38,61.49,62.38,61.49,62.38,61.49,62.38
63.6,61.59,62.47,61.59,62.47,61.59,62.47,61.59,62.47
63.7,61.68,62.57,61.68,62.57,61.68,62.57,61.68,62.57
63.8,61.78,62.67,61.78,62.67,61.78,62.67,61.78,62.67
63.9,61.88,62.76,61.88,62.76,61.88,62.76,61.88,62.76
64.0,61.98,62.86,61.98,62.86,61.98,62.86,61.98,62.86
64.1,62.07,62.96,62.07,62.96,62.07,62.96,62.07,62.96
64.2,62.17,63.05,62.17,63.05,62.17,63.05,62.17,63.05
64.3,62.27,63.15,62.27,63.15,62.27,63.15,62.27,63.15
64.4,62.36,63.25,62.36,63.25,62.36,63.25,62.36,63.25
64.5,62.46,63.35,62.46,63.35,62.46,63.35,62.46,63.35
64.6,62.56,63.44,62.56,63.44,62.56,63.44,62.56,63.44
64.7,62.66,63.54,62.66,63.54,62.66,63.54,62.66,63.54
64.8,62.75,63.64,62.75,63.64,62.75,63.64,62.75,63.64
64.9,62.85,63.73,62.85,63.73,62.85,63.73,62.85,63.73
65.0,62.95,63.83,62.95,63.83,62.95,63.83,62.95,63.83
65.1,63.04,63.93,63.04,63.93,63.04,63.93,63.04,63.93
65.2,63.14,64.02,63.14,64.02,63.14,64.02,63.14,64.02
65.3,63.24,64.12,63.24,64.12,63.24,64.12,63.24,64.12
65.4,63.34,64.22,63.34,64.22,63.34,64.22,63.34,64.22
65.5,63.43,64.31,63.43,64.31,63.43,64.31,63.43,64.31
65.6,63.53,64.41,63.53,64.41,63.53,64.41,63.53,64.41
65.7,63.63,64.51,63.63,64.51,63.63,64.51,63.63,64.51
65.8,63.72,64.60,63.72,64.60,63.72,64.60,63.72,64.60
65.9,63.82,64.70,63.82,64.70,63.82,64.70,63.82,64.70
66.0,63.92,64.80,63.92,64.80,63.92,64.80,63.92,64.80
66.1,64.01,64.89,64.01,64.89,64.01,64.89,64.01,64.89
66.2,64.11,64.99,64.11,64.99,64.11,64.99,64.11,64.99
66.3,64.21,65.09,64.21,65.09,64.21,65.09,64.21,65.09
66.4,64.31,65.18,64.31,65.18,64.31,65.18,64.31,65.18
66.5,64.40,65.28,64.40,65.28,64.40,65.28,64.40,65.28
66.6,64.50,65.38,64.50,65.38,64.50,65.38,64.50,65.38
66.7,64.60,65.47,64.60,65.47,64.60,65.47,64.60,65.47
66.8,64.69,65.57,64.69,65.57,64.69,65.57,64.69,65.57
66.9,64.79,65.67,64.79,65.67,64.79,65.67,64.79,65.67
67.0,64.89,65.76,64.89,65.76,64.89,65.76,64.89,65.76
67.1,64.99,65.86,64.99,65.86,64.99,65.86,64.99,65.86
67.2,65.08,65.96,65.08,65.96,65.08,65.96,65.08,65.96
67.3,65.18,66.05,65.18,66.05,65.18,66.05,65.18,66.05
67.4,65.28,66.15,65.28,66.15,65.28,66.15,65.28,66.15
67.5,65.37,66.25,65.37,66.25,65.37,66.25,65.37,66.25
67.6,65.47,66.34,65.47,66.34,65.47,66.34,65.47,66.34
67.7,65.57,66.44,65.57,66.44,65.57,66.44,65.57,66.44
67.8,65.67,66.54,65.67,66.54,65.67,66.54,65.67,66.54
67.9,65.76,66.63,65.76,66.63,65.76,66.63,65.76,66.63
68.0,65.86,66.73,65.86,66.73,65.86,66.73,65.86,66.73
68.1,65.96,66.83,65.96,66.83,65.96,66.83,65.96,66.83
68.2,66.05,66.92,66.05,66.92,66.05,66.92,66.05,66.92
68.3,66.15,67.02,66.15,67.02,66.15,67.02,66.15,67.02
68.4,66.25,67.12,66.25,67.12,66.25,67.12,66.25,67.12
68.5,66.35,67.21,66.35,67.21,66.35,67.21,66.35,67.21
68.6,66.44,67.31,66.44,67.31,66.44,67.31,66.44,67.31
68.7,66.54,67.41,66.54,67.41,66.54,67.41,66.54,67.41
68.8,66.64,67.50,66.64,67.50,66.64,67.50,66.64,67.50
68.9,66.73,67.60,66.73,67.60,66.73,67.60,66.73,67.60
69.0,66.83,67.70,66.83,67.70,66.83,67.70,66.83,67.70
69.1,66.93,67.79,66.93,67.79,66.93,67.79,66.93,67.79
69.2,67.02,67.89,67.02,67.89,67.02,67.89,67.02,67.89
69.3,67.12,67.99,67.12,67.99,67.12,67.99,67.12,67.99
69.4,67.22,68.08,67.22,68.08,67.22,68.08,67.22,68.08
69.5,67.32,68.18,67.32,68.18,67.32,68.18,67.32,68.18
69.6,67.41,68.28,67.41,68.28,67.41,68.28,67.41,68.28
69.7,67.51,68.38,67.51,68.38,67.51,68.38,67.51,68.38
69.8,67.61,68.47,67.61,68.47,67.61,68.47,67.61,68.47
69.9,67.70,68.57,67.70,68.57,67.70,68.57,67.70,68.57
70.0,67.80,68.67,67.80,68.67,67.80,68.67,67.80,68.67
70.1,67.90,68.76,67.90,68.76,67.90,68.76,67.90,68.76
70.2,68.00,68.86,68.00,68.86,68.00,68.86,68.00,68.86
70.3,68.09,68.96,68.09,68.96,68.09,68.96,68.09,68.96
70.4,68.19,69.05,68.19,69.05,68.19,69.05,68.19,69.05
70.5,68.29,69.15,68.29,69.15,68.29,69.15,68.29,69.15
70.6,68.38,69.25,68.38,69.25,68.38,69.25,68.38,69.25
70.7,68.48,69.34,68.48,69.34,68.48,69.34,68.48,69.34
70.8,68.58,69.44,68.58,69.44,68.58,69.44,68.58,69.44
70.9,68.68,69.54,68.68,69.54,68.68,69.54,68.68,69.54
71.0,68.77,69.63,68.77,69.63,68.77,69.63,68.77,69.63
71.1,68.87,69.73,68.87,69.73,68.87,69.73,68.87,69.73
71.2,68.97,69.83,68.97,69.83,68.97,69.83,68.97,69.83
71.3,69.06,69.92,69.06,69.92,69.06,69.92,69.06,69.92
71.4,69.16,70.02,69.16,70.02,69.16,70.02,69.16,70.02
71.5,69.26,70.12,69.26,70.12,69.26,70.12,69.26,70.12
71.6,69.35,70.21,69.35,70.21,69.35,70.21,69.35,70.21
71.7,69.45,70.31,69.45,70.31,69.45,70.31,69.45,70.31
71.8,69.55,70.41,69.55,70.41,69.55,70.41,69.55,70.41
71.9,69.65,70.50,69.65,70.50,69.65,70.50,69.65,70.50
72.0,69.74,70.60,69.74,70.60,69.74,70.60,69.74,70.60
72.1,69.84,70.70,69.84,70.70,69.84,70.70,69.84,70.70
72.2,69.94,70.79,69.94,70.79,69.94,70.79,69.94,70.79
72.3,70.03,70.89,70.03,70.89,70.03,70.89,70.03,70.89
72.4,70.13,70.99,70.13,70.99,70.13,70.99,70.13,70.99
72.5,70.23,71.08,70.23,71.08,70.23,71.08,70.23,71.08
72.6,70.33,71.18,70.33,71.18,70.33,71.18,70.33,71.18
72.7,70.42,71.28,70.42,71.28,70.42,71.28,70.42,71.28
72.8,70.52,71.37,70.52,71.37,70.52,71.37,70.52,71.37
72.9,70.62,71.47,70.62,71.47,70.62,71.47,70.62,71.47
73.0,70.71,71.57,70.71,71.57,70.71,71.57,70.71,71.57
73.1,70.81,71.66,70.81,71.66,70.81,71.66,70.81,71.66
73.2,70.91,71.76,70.91,71.76,70.91,71.76,70.91,71.76
73.3,71.01,71.86,71.01,71.86,71.01,71.86,71.01,71.86
73.4,71.10,71.95,71.10,71.95,71.10,71.95,71.10,71.95
73.5,71.20,72.05,71.20,72.05,71.20,72.05,71.20,72.05
73.6,71.30,72.15,71.30,72.15,71.30,72.15,71.30,72.15
73.7,71.39,72.24,71.39,72.24,71.39,72.24,71.39,72.24
73.8,71.49,72.34,71.49,72.34,71.49,72.34,71.49,72.34
73.9,71.59,72.44,71.59,72.44,71.59,72.44,71.59,72.44
74.0,71.69,72.53,71.69,72.53,71.69,72.53,71.69,72.53
74.1,71.78,72.63,71.78,72.63,71.78,72.63,71.78,72.63
74.2,71.88,72.73,71.88,72.73,71.88,72.73,71.88,72.73
74.3,71.98,72.82,71.98,72.82,71.98,72.82,71.98,72.82
74.4,72.07,72.92,72.07,72.92,72.07,72.92,72.07,72.92
74.5,72.17,73.02,72.17,73.02,72.17,73.02,72.17,73.02
74.6,72.27,73.11,72.27,73.11,72.27,73.11,72.27,73.11
74.7,72.36,73.21,72.36,73.21,72.36,73.21,72.36,73.21
74.8,72.46,73.31,72.46,73.31,72.46,73.31,72.46,73.31
74.9,72.56,73.40,72.56,73.40,72.56,73.40,72.56,73.40
75.0,72.66,73.50,72.66,73.50,72.66,73.50,72.66,73.50
75.1,72.75,73.60,72.75,73.60,72.75,73.60,72.75,73.60
75.2,72.85,73.69,72.85,73.69,72.85,73.69,72.85,73.69
75.3,72.95,73.79,72.95,73.79,72.95,73.79,72.95,73.79
75.4,73.04,73.89,73.04,73.89,73.04,73.89,73.04,73.89
75.5,73.14,73.98,73.14,73.98,73.14,73.98,73.14,73.98
75.6,73.24,74.08,73.24,74.08,73.24,74.08,73.24,74.08
75.7,73.34,74.17,73.34,74.17,73.34,74.17,73.34,74.17
75.8,73.43,74.27,73.43,74.27,73.43,74.27,73.43,74.27
75.9,73.53,74.37,73.53,74.37,73.53,74.37,73.53,74.37
76.0,73.63,74.46,73.63,74.46,73.63,74.46,73.63,74.46
76.1,73.72,74.56,73.72,74.56,73.72,74.56,73.72,74.56
76.2,73.82,74.66,73.82,74.66,73.82,74.66,73.82,74.66
76.3,73.92,74.75,73.92,74.75,73.92,74.75,73.92,74.75
76.4,74.02,74.85,74.02,74.85,74.02,74.85,74.02,74.85
76.5,74.11,74.95,74.11,74.95,74.11,74.95,74.11,74.95
76.6,74.21,75.04,74.21,75.04,74.21,75.04,74.21,75.04
76.7,74.31,75.14,74.31,75.14,74.31,75.14,74.31,75.14
76.8,74.40,75.24,74.40,75.24,74.40,75.24,74.40,75.24
76.9,74.50,75.33,74.50,75.33,74.50,75.33,74.50,75.33
77.0,74.60,75.43,74.60,75.43,74.60,75.43,74.60,75.43
77.1,74.70,75.53,74.70,75.53,74.70,75.53,74.70,75.53
77.2,74.79,75.62,74.79,75.62,74.79,75.62,74.79,75.62
77.3,74.89,75.72,74.89,75.72,74.89,75.72,74.89,75.72
77.4,74.99,75.82,74.99,75.82,74.99,75.82,74.99,75.82
77.5,75.08,75.91,75.08,75.91,75.08,75.91,75.08,75.91
77.6,75.18,76.01,75.18,76.01,75.18,76.01,75.18,76.01
77.7,75.28,76.10,75.28,76.10,75.28,76.10,75.28,76.10
77.8,75.37,76.20,75.37,76.20,75.37,76.20,75.37,76.20
77.9,75.47,76.30,75.47,76.30,75.47,76.30,75.47,76.30
78.0,75.57,76.39,75.57,76.39,75.57,76.39,75.57,76.39
78.1,75.67,76.49,75.67,76.49,75.67,76.49,75.67,76.49
78.2,75.76,76.59,75.76,76.59,75.76,76.59,75.76,76.59
78.3,75.86,76.68,75.86,76.68,75.86,76.68,75.86,76.68
78.4,75.96,76.78,75.96,76.78,75.96,76.78,75.96,76.78
78.5,76.05,76.88,76.05,76.88,76.05,76.88,76.05,76.88
78.6,76.15,76.97,76.15,76.97,76.15,76.97,76.15,76.97
78.7,76.25,77.07,76.25,77.07,76.25,77.07,76.25,77.07
78.8,76.35,77.16,76.35,77.16,76.35,77.16,76.35,77.16
78.9,76.44,77.26,76.44,77.26,76.44,77.26,76.44,77.26
79.0,76.54,77.36,76.54,77.36,76.54,77.36,76.54,77.36
79.1,76.64,77.45,76.64,77.45,76.64,77.45,76.64,77.45
79.2,76.73,77.55,76.73,77.55,76.73,77.55,76.73,77.55
79.3,76.83,77.65,76.83,77.65,76.83,77.65,76.83,77.65
79.4,76.93,77.74,76.93,77.74,76.93,77.74,76.93,77.74
79.5,77.03,77.84,77.03,77.84,77.03,77.84,77.03,77.84
79.6,77.12,77.93,77.12,77.93,77.12,77.93,77.12,77.93
79.7,77.22,78.03,77.22,78.03,77.22,78.03,77.22,78.03
79.8,77.32,78.13,77.32,78.13,77.32,78.13,77.32,78.13
79.9,77.41,78.22,77.41,78.22,77.41,78.22,77.41,78.22
80.0,77.51,78.32,77.51,78.32,77.51,78.32,77.51,78.32
80.1,77.61,78.42,77.61,78.42,77.61,78.42,77.61,78.42
80.2,77.70,78.51,77.70,78.51,77.70,78.51,77.70,78.51
80.3,77.80,78.61,77.80,78.61,77.80,78.61,77.80,78.61
80.4,77.90,78.70,77.90,78.70,77.90,78.70,77.90,78.70
80.5,78.00,78.80,78.00,78.80,78.00,78.80,78.00,78.80
80.6,78.09,78.90,78.09,78.90,78.09,78.90,78.09,78.90
80.7,78.19,78.99,78.19,78.99,78.19,78.99,78.19,78.99
80.8,78.29,79.09,78.29,79.09,78.29,79.09,78.29,79.09
80.9,78.38,79.18,78.38,79.18,78.38,79.18,78.38,79.18
81.0,78.48,79.28,78.48,79.28,78.48,79.28,78.48,79.28
81.1,78.58,79.38,78.58,79.38,78.58,79.38,78.58,79.38
81.2,78.68,79.47,78.68,79.47,78.68,79.47,78.68,79.47
81.3,78.77,79.57,78.77,79.57,78.77,79.57,78.77,79.57
81.4,78.87,79.66,78.87,79.66,78.87,79.66,78.87,79.66
81.5,78.97,79.76,78.97,79.76,78.97,79.76,78.97,79.76
81.6,79.06,79.86,79.06,79.86,79.06,79.86,79.06,79.86
81.7,79.16,79.95,79.16,79.95,79.16,79.95,79.16,79.95
81.8,79.26,80.05,79.26,80.05,79.26,80.05,79.26,80.05
81.9,79.35,80.14,79.35,80.14,79.35,80.14,79.35,80.14
82.0,79.45,80.24,79.45,80.24,79.45,80.24,79.45,80.24
82.1,79.55,80.34,79.55,80.34,79.55,80.34,79.55,80.34
82.2,79.65,80.43,79.65,80.43,79.65,80.43,79.65,80.43
82.3,79.74,80.53,79.74,80.53,79.74,80.53,79.74,80.53
82.4,79.84,80.62,79.84,80.62,79.84,80.62,79.84,80.62
82.5,79.94,80.72,79.94,80.72,79.94,80.72,79.94,80.72
82.6,80.03,80.82,80.03,80.82,80.03,80.82,80.03,80.82
82.7,80.13,80.91,80.13,80.91,80.13,80.91,80.13,80.91
82.8,80.23,81.01,80.23,81.01,80.23,81.01,80.23,81.01
82.9,80.33,81.10,80.33,81.10,80.33,81.10,80.33,81.10
83.0,80.42,81.20,80.42,81.20,80.42,81.20,80.42,81.20
83.1,80.52,81.29,80.52,81.29,80.52,81.29,80.52,81.29
83.2,80.62,81.39,80.62,81.39,80.62,81.39,80.62,81.39
83.3,80.71,81.49,80.71,81.49,80.71,81.49,80.71,81.49
83.4,80.81,81.58,80.81,81.58,80.81,81.58,80.81,81.58
83.5,80.91,81.68,80.91,81.68,80.91,81.68,80.91,81.68
83.6,81.00,81.77,81.00,81.77,81.00,81.77,81.00,81.77
83.7,81.10,81.87,81.10,81.87,81.10,81.87,81.10,81.87
83.8,81.20,81.96,81.20,81.96,81.20,81.96,81.20,81.96
83.9,81.30,82.06,81.30,82.06,81.30,82.06,81.30,82.06
84.0,81.39,82.15,81.39,82.15,81.39,82.15,81.39,82.15
84.1,81.49,82.25,81.49,82.25,81.49,82.25,81.49,82.25
84.2,81.59,82.35,81.59,82.35,81.59,82.35,81.59,82.35
84.3,81.68,82.44,81.68,82.44,81.68,82.44,81.68,82.44
84.4,81.78,82.54,81.78,82.54,81.78,82.54,81.78,82.54
84.5,81.88,82.63,81.88,82.63,81.88,82.63,81.88,82.63
84.6,81.98,82.73,81.98,82.73,81.98,82.73,81.98,82.73
84.7,82.07,82.82,82.07,82.82,82.07,82.82,82.07,82.82
84.8,82.17,82.92,82.17,82.92,82.17,82.92,82.17,82.92
84.9,82.27,83.01,82.27,83.01,82.27,83.01,82.27,83.01
85.0,82.36,83.11,82.36,83.11,82.36,83.11,82.36,83.11
85.1,82.46,83.20,82.46,83.20,82.46,83.20,82.46,83.20
85.2,82.56,83.30,82.56,83.30,82.56,83.30,82.56,83.30
85.3,82.65,83.39,82.65,83.39,82.65,83.39,82.65,83.39
85.4,82.75,83.49,82.75,83.49,82.75,83.49,82.75,83.49
85.5,82.85,83.58,82.85,83.58,82.85,83.58,82.85,83.58
85.6,82.95,83.68,82.95,83.68,82.95,83.68,82.95,83.68
85.7,83.04,83.77,83.04,83.77,83.04,83.77,83.04,83.77
85.8,83.14,83.87,83.14,83.87,83.14,83.87,83.14,83.87
85.9,83.24,83.97,83.24,83.97,83.24,83.97,83.24,83.97
86.0,83.33,84.06,83.33,84.06,83.33,84.06,83.33,84.06
86.1,83.43,84.16,83.43,84.16,83.43,84.16,83.43,84.16
86.2,83.53,84.25,83.53,84.25,83.53,84.25,83.53,84.25
86.3,83.63,84.35,83.63,84.35,83.63,84.35,83.63,84.35
86.4,83.72,84.44,83.72,84.44,83.72,84.44,83.72,84.44
86.5,83.82,84.53,83.82,84.53,83.82,84.53,83.82,84.53
86.6,83.92,84.63,83.92,84.63,83.92,84.63,83.92,84.63
86.7,84.01,84.72,84.01,84.72,84.01,84.72,84.01,84.72
86.8,84.11,84.82,84.11,84.82,84.11,84.82,84.11,84.82
86.9,84.21,84.91,84.21,84.91,84.21,84.91,84.21,84.91
87.0,84.30,85.01,84.30,85.01,84.30,85.01,84.30,85.01
87.1,84.40,85.10,84.40,85.10,84.40,85.10,84.40,85.10
87.2,84.50,85.20,84.50,85.20,84.50,85.20,84.50,85.20
87.3,84.60,85.29,84.60,85.29,84.60,85.29,84.60,85.29
87.4,84.69,85.39,84.69,85.39,84.69,85.39,84.69,85.39
87.5,84.79,85.48,84.79,85.48,84.79,85.48,84.79,85.48
87.6,84.89,85.58,84.89,85.58,84.89,85.58,84.89,85.58
87.7,84.98,85.67,84.98,85.67,84.98,85.67,84.98,85.67
87.8,85.08,85.77,85.08,85.77,85.08,85.77,85.08,85.77
87.9,85.18,85.86,85.18,85.86,85.18,85.86,85.18,85.86
88.0,85.28,85.95,85.28,85.95,85.28,85.95,85.28,85.95
88.1,85.37,86.05,85.37,86.05,85.37,86.05,85.37,86.05
88.2,85.47,86.14,85.47,86.14,85.47,86.14,85.47,86.14
88.3,85.57,86.24,85.57,86.24,85.57,86.24,85.57,86.24
88.4,85.66,86.33,85.66,86.33,85.66,86.33,85.66,86.33
88.5,85.76,86.43,85.76,86.43,85.76,86.43,85.76,86.43
88.6,85.86,86.52,85.86,86.52,85.86,86.52,85.86,86.52
88.7,85.95,86.61,85.95,86.61,85.95,86.61,85.95,86.61
88.8,86.05,86.71,86.05,86.71,86.05,86.71,86.05,86.71
88.9,86.15,86.80,86.15,86.80,86.15,86.80,86.15,86.80
89.0,86.25,86.90,86.25,86.90,86.25,86.90,86.25,86.90
89.1,86.34,86.99,86.34,86.99,86.34,86.99,86.34,86.99
89.2,86.44,87.08,86.44,87.08,86.44,87.08,86.44,87.08
89.3,86.54,87.18,86.54,87.18,86.54,87.18,86.54,87.18
89.4,86.63,87.27,86.63,87.27,86.63,87.27,86.63,87.27
89.5,86.73,87.37,86.73,87.37,86.73,87.37,86.73,87.37
89.6,86.83,87.46,86.83,87.46,86.83,87.46,86.83,87.46
89.7,86.93,87.55,86.93,87.55,86.93,87.55,86.93,87.55
89.8,87.02,87.65,87.02,87.65,87.02,87.65,87.02,87.65
89.9,87.12,87.74,87.12,87.74,87.12,87.74,87.12,87.74
90.0,87.22,87.84,87.22,87.84,87.22,87.84,87.22,87.84
90.1,87.31,87.93,87.31,87.93,87.31,87.93,87.31,87.93
90.2,87.41,88.02,87.41,88.02,87.41,88.02,87.41,88.02
90.3,87.51,88.12,87.51,88.12,87.51,88.12,87.51,88.12
90.4,87.60,88.21,87.60,88.21,87.60,88.21,87.60,88.21
90.5,87.70,88.30,87.70,88.30,87.70,88.30,87.70,88.30
90.6,87.80,88.40,87.80,88.40,87.80,88.40,87.80,88.40
90.7,87.90,88.49,87.90,88.49,87.90,88.49,87.90,88.49
90.8,87.99,88.58,87.99,88.58,87.99,88.58,87.99,88.58
90.9,88.09,88.68,88.09,88.68,88.09,88.68,88.09,88.68
91.0,88.19,88.77,88.19,88.77,88.19,88.77,88.19,88.77
91.1,88.28,88.86,88.28,88.86,88.28,88.86,88.28,88.86
91.2,88.38,88.96,88.38,88.96,88.38,88.96,88.38,88.96
91.3,88.48,89.05,88.48,89.05,88.48,89.05,88.48,89.05
91.4,88.58,89.14,88.58,89.14,88.58,89.14,88.58,89.14
91.5,88.67,89.23,88.67,89.23,88.67,89.23,88.67,89.23
91.6,88.77,89.33,88.77,89.33,88.77,89.33,88.77,89.33
91.7,88.87,89.42,88.87,89.42,88.87,89.42,88.87,89.42
91.8,88.96,89.51,88.96,89.51,88.96,89.51,88.96,89.51
91.9,89.06,89.61,89.06,89.61,89.06,89.61,89.06,89.61
92.0,89.16,89.70,89.16,89.70,89.16,89.70,89.16,89.70
92.1,89.25,89.79,89.25,89.79,89.25,89.79,89.25,89.79
92.2,89.35,89.88,89.35,89.88,89.35,89.88,89.35,89.88
92.3,89.45,89.98,89.45,89.98,89.45,89.98,89.45,89.98
92.4,89.55,90.07,89.55,90.07,89.55,90.07,89.55,90.07
92.5,89.64,90.16,89.64,90.16,89.64,90.16,89.64,90.16
92.6,89.74,90.25,89.74,90.25,89.74,90.25,89.74,90.25
92.7,89.84,90.35,89.84,90.35,89.84,90.35,89.84,90.35
92.8,89.93,90.44,89.93,90.44,89.93,90.44,89.93,90.44
92.9,90.03,90.53,90.03,90.53,90.03,90.53,90.03,90.53
93.0,90.13,90.62,90.13,90.62,90.13,90.62,90.13,90.62
93.1,90.23,90.71,90.23,90.71,90.23,90.71,90.23,90.71
93.2,90.32,90.81,90.32,90.81,90.32,90.81,90.32,90.81
93.3,90.42,90.90,90.42,90.90,90.42,90.90,90.42,90.90
93.4,90.52,90.99,90.52,90.99,90.52,90.99,90.52,90.99
93.5,90.61,91.08,90.61,91.08,90.61,91.08,90.61,91.08
93.6,90.71,91.17,90.71,91.17,90.71,91.17,90.71,91.17
93.7,90.81,91.26,90.81,91.26,90.81,91.26,90.81,91.26
93.8,90.91,91.36,90.91,91.36,90.91,91.36,90.91,91.36
93.9,91.00,91.45,91.00,91.45,91.00,91.45,91.00,91.45
94.0,91.10,91.54,91.10,91.54,91.10,91.54,91.10,91.54
94.1,91.20,91.63,91.20,91.63,91.20,91.63,91.20,91.63
94.2,91.29,91.72,91.29,91.72,91.29,91.72,91.29,91.72
94.3,91.39,91.81,91.39,91.81,91.39,91.81,91.39,91.81
94.4,91.49,91.91,91.49,91.91,91.49,91.91,91.49,91.91
94.5,91.59,92.00,91.59,92.00,91.59,92.00,91.59,92.00
94.6,91.68,92.09,91.68,92.09,91.68,92.09,91.68,92.09
94.7,91.78,92.18,91.78,92.18,91.78,92.18,91.78,92.18
94.8,91.88,92.27,91.88,92.27,91.88,92.27,91.88,92.27
94.9,91.97,92.36,91.97,92.36,91.97,92.36,91.97,92.36
95.0,92.07,92.45,92.07,92.45,92.07,92.45,92.07,92.45
95.1,92.17,92.54,92.17,92.54,92.17,92.54,92.17,92.54
95.2,92.27,92.63,92.27,92.63,92.27,92.63,92.27,92.63
95.3,92.36,92.72,92.36,92.72,92.36,92.72,92.36,92.72
95.4,92.46,92.81,92.46,92.81,92.46,92.81,92.46,92.81
95.5,92.56,92.90,92.56,92.90,92.56,92.90,92.56,92.90
95.6,92.65,92.99,92.65,92.99,92.65,92.99,92.65,92.99
95.7,92.75,93.08,92.75,93.08,92.75,93.08,92.75,93.08
95.8,92.85,93.18,92.85,93.18,92.85,93.18,92.85,93.18
95.9,92.95,93.27,92.95,93.27,92.95,93.27,92.95,93.27
96.0,93.04,93.36,93.04,93.36,93.04,93.36,93.04,93.36
96.1,93.14,93.45,93.14,93.45,93.14,93.45,93.14,93.45
96.2,93.24,93.54,93.24,93.54,93.24,93.54,93.24,93.54
96.3,93.33,93.63,93.33,93.63,93.33,93.63,93.33,93.63
96.4,93.43,93.72,93.43,93.72,93.43,93.72,93.43,93.72
96.5,93.53,93.80,93.53,93.80,93.53,93.80,93.53,93.80
96.6,93.63,93.89,93.63,93.89,93.63,93.89,93.63,93.89
96.7,93.72,93.98,93.72,93.98,93.72,93.98,93.72,93.98
96.8,93.82,94.07,93.82,94.07,93.82,94.07,93.82,94.07
96.9,93.92,94.16,93.92,94.16,93.92,94.16,93.92,94.16
97.0,94.02,94.25,94.02,94.25,94.02,94.25,94.02,94.25
