1.0,0.48,1.29,0.42,1.12
1.1,0.57,1.38,0.51,1.21
1.2,0.66,1.48,0.60,1.31
1.3,0.75,1.58,0.70,1.41
1.4,0.84,1.68,0.79,1.51
1.5,0.93,1.77,0.88,1.61
1.6,1.02,1.87,0.97,1.70
1.7,1.11,1.97,1.06,1.80
1.8,1.20,2.07,1.16,1.90
1.9,1.29,2.16,1.25,2.00
2.0,1.38,2.26,1.34,2.10
2.1,1.47,2.36,1.43,2.20
2.2,1.57,2.46,1.53,2.29
2.3,1.66,2.55,1.62,2.39
2.4,1.75,2.65,1.71,2.49
2.5,1.84,2.75,1.80,2.59
2.6,1.93,2.85,1.90,2.69
2.7,2.02,2.94,1.99,2.78
2.8,2.12,3.04,2.08,2.88
2.9,2.21,3.14,2.17,2.98
3.0,2.30,3.24,2.27,3.08
3.1,2.39,3.33,2.36,3.18
3.2,2.48,3.43,2.45,3.28
3.3,2.58,3.53,2.55,3.37
3.4,2.67,3.63,2.64,3.47
3.5,2.76,3.72,2.73,3.57
3.6,2.85,3.82,2.83,3.67
3.7,2.95,3.92,2.92,3.77
3.8,3.04,4.02,3.02,3.87
3.9,3.13,4.12,3.11,3.97
4.0,3.22,4.21,3.20,4.06
4.1,3.32,4.31,3.30,4.16
4.2,3.41,4.41,3.39,4.26
4.3,3.50,4.51,3.48,4.36
4.4,3.60,4.60,3.58,4.46
4.5,3.69,4.70,3.67,4.56
4.6,3.78,4.80,3.77,4.66
4.7,3.88,4.90,3.86,4.75
4.8,3.97,5.00,3.96,4.85
4.9,4.06,5.09,4.05,4.95
5.0,4.16,5.19,4.14,5.05
5.1,4.25,5.29,4.24,5.15
5.2,4.35,5.39,4.33,5.25
5.3,4.44,5.48,4.43,5.35
5.4,4.53,5.58,4.52,5.44
5.5,4.63,5.68,4.62,5.54
5.6,4.72,5.78,4.71,5.64
5.7,4.82,5.88,4.81,5.74
5.8,4.91,5.97,4.90,5.84
5.9,5.01,6.07,5.00,5.94
6.0,5.10,6.17,5.09,6.04
6.1,5.19,6.27,5.19,6.14
6.2,5.29,6.37,5.28,6.24
6.3,5.38,6.46,5.38,6.33
6.4,5.48,6.56,5.47,6.43
6.5,5.57,6.66,5.57,6.53
6.6,5.67,6.76,5.66,6.63
6.7,5.76,6.86,5.76,6.73
6.8,5.86,6.95,5.85,6.83
6.9,5.95,7.05,5.95,6.93
7.0,6.05,7.15,6.05,7.03
7.1,6.14,7.25,6.14,7.13
7.2,6.24,7.35,6.24,7.22
7.3,6.34,7.45,6.33,7.32
7.4,6.43,7.54,6.43,7.42
7.5,6.53,7.64,6.52,7.52
7.6,6.62,7.74,6.62,7.62
7.7,6.72,7.84,6.72,7.72
7.8,6.81,7.94,6.81,7.82
7.9,6.91,8.03,6.91,7.92
8.0,7.00,8.13,7.00,8.02
8.1,7.10,8.23,7.10,8.12
8.2,7.20,8.33,7.20,8.22
8.3,7.29,8.43,7.29,8.31
8.4,7.39,8.53,7.39,8.41
8.5,7.48,8.62,7.49,8.51
8.6,7.58,8.72,7.58,8.61
8.7,7.68,8.82,7.68,8.71
8.8,7.77,8.92,7.78,8.81
8.9,7.87,9.02,7.87,8.91
9.0,7.97,9.12,7.97,9.01
9.1,8.06,9.21,8.07,9.11
9.2,8.16,9.31,8.16,9.21
9.3,8.26,9.41,8.26,9.31
9.4,8.35,9.51,8.36,9.41
9.5,8.45,9.61,8.45,9.51
9.6,8.55,9.71,8.55,9.60
9.7,8.64,9.80,8.65,9.70
9.8,8.74,9.90,8.74,9.80
9.9,8.84,10.00,8.84,9.90
10.0,8.93,10.10,8.94,10.00
10.1,9.03,10.20,9.04,10.10
10.2,9.13,10.30,9.13,10.20
10.3,9.23,10.39,9.23,10.30
10.4,9.32,10.49,9.33,10.40
10.5,9.42,10.59,9.42,10.50
10.6,9.52,10.69,9.52,10.60
10.7,9.61,10.79,9.62,10.70
10.8,9.71,10.89,9.72,10.80
10.9,9.81,10.99,9.81,10.90
11.0,9.91,11.08,9.91,11.00
11.1,10.00,11.18,10.01,11.10
11.2,10.10,11.28,10.11,11.20
11.3,10.20,11.38,10.20,11.29
11.4,10.30,11.48,10.30,11.39
11.5,10.39,11.58,10.40,11.49
11.6,10.49,11.68,10.50,11.59
11.7,10.59,11.77,10.60,11.69
11.8,10.69,11.87,10.69,11.79
11.9,10.79,11.97,10.79,11.89
12.0,10.88,12.07,10.89,11.99
12.1,10.98,12.17,10.99,12.09
12.2,11.08,12.27,11.09,12.19
12.3,11.18,12.37,11.18,12.29
12.4,11.28,12.46,11.28,12.39
12.5,11.37,12.56,11.38,12.49
12.6,11.47,12.66,11.48,12.59
12.7,11.57,12.76,11.58,12.69
12.8,11.67,12.86,11.67,12.79
12.9,11.77,12.96,11.77,12.89
13.0,11.87,13.06,11.87,12.99
13.1,11.96,13.15,11.97,13.09
13.2,12.06,13.25,12.07,13.19
13.3,12.16,13.35,12.17,13.29
13.4,12.26,13.45,12.26,13.39
13.5,12.36,13.55,12.36,13.49
13.6,12.46,13.65,12.46,13.59
13.7,12.55,13.75,12.56,13.68
13.8,12.65,13.85,12.66,13.78
13.9,12.75,13.94,12.76,13.88
14.0,12.85,14.04,12.86,13.98
14.1,12.95,14.14,12.95,14.08
14.2,13.05,14.24,13.05,14.18
14.3,13.15,14.34,13.15,14.28
14.4,13.25,14.44,13.25,14.38
14.5,13.34,14.54,13.35,14.48
14.6,13.44,14.64,13.45,14.58
14.7,13.54,14.73,13.55,14.68
14.8,13.64,14.83,13.64,14.78
14.9,13.74,14.93,13.74,14.88
15.0,13.84,15.03,13.84,14.98
15.1,13.94,15.13,13.94,15.08
15.2,14.04,15.23,14.04,15.18
15.3,14.14,15.33,14.14,15.28
15.4,14.24,15.43,14.24,15.38
15.5,14.33,15.53,14.34,15.48
15.6,14.43,15.62,14.44,15.58
15.7,14.53,15.72,14.54,15.68
15.8,14.63,15.82,14.63,15.78
15.9,14.73,15.92,14.73,15.88
16.0,14.83,16.02,14.83,15.98
16.1,14.93,16.12,14.93,16.08
16.2,15.03,16.22,15.03,16.18
16.3,15.13,16.32,15.13,16.28
16.4,15.23,16.41,15.23,16.38
16.5,15.33,16.51,15.33,16.48
16.6,15.43,16.61,15.43,16.58
16.7,15.53,16.71,15.53,16.68
16.8,15.63,16.81,15.63,16.78
16.9,15.72,16.91,15.73,16.88
17.0,15.82,17.01,15.82,16.98
17.1,15.92,17.11,15.92,17.08
17.2,16.02,17.21,16.02,17.18
17.3,16.12,17.30,16.12,17.28
17.4,16.22,17.40,16.22,17.38
17.5,16.32,17.50,16.32,17.48
17.6,16.42,17.60,16.42,17.57
17.7,16.52,17.70,16.52,17.67
17.8,16.62,17.80,16.62,17.77
17.9,16.72,17.90,16.72,17.87
18.0,16.82,18.00,16.82,17.97
18.1,16.92,18.10,16.92,18.07
18.2,17.02,18.20,17.02,18.17
18.3,17.12,18.29,17.12,18.27
18.4,17.22,18.39,17.22,18.37
18.5,17.32,18.49,17.32,18.47
18.6,17.42,18.59,17.42,18.57
18.7,17.52,18.69,17.52,18.67
18.8,17.62,18.79,17.62,18.77
18.9,17.72,18.89,17.72,18.87
19.0,17.82,18.99,17.82,18.97
19.1,17.92,19.09,17.91,19.07
19.2,18.02,19.18,18.01,19.17
19.3,18.12,19.28,18.11,19.27
19.4,18.22,19.38,18.21,19.37
19.5,18.32,19.48,18.31,19.47
19.6,18.42,19.58,18.41,19.57
19.7,18.52,19.68,18.51,19.67
19.8,18.62,19.78,18.61,19.77
19.9,18.72,19.88,18.71,19.87
20.0,18.82,19.98,18.81,19.97
20.1,18.92,20.08,18.91,20.07
20.2,19.02,20.17,19.01,20.17
20.3,19.12,20.27,19.11,20.27
20.4,19.22,20.37,19.21,20.37
20.5,19.32,20.47,19.31,20.47
20.6,19.42,20.57,19.41,20.57
20.7,19.52,20.67,19.51,20.67
20.8,19.62,20.77,19.61,20.77
20.9,19.72,20.87,19.71,20.87
21.0,19.82,20.97,19.81,20.97
21.1,19.92,21.07,19.91,21.07
21.2,20.02,21.16,20.01,21.17
21.3,20.12,21.26,20.11,21.27
21.4,20.22,21.36,20.21,21.37
21.5,20.32,21.46,20.31,21.47
21.6,20.42,21.56,20.41,21.57
21.7,20.52,21.66,20.51,21.67
21.8,20.62,21.76,20.61,21.77
21.9,20.72,21.86,20.71,21.87
22.0,20.82,21.96,20.81,21.97
22.1,20.92,22.06,20.91,22.07
22.2,21.02,22.15,21.01,22.17
22.3,21.12,22.25,21.11,22.27
22.4,21.22,22.35,21.21,22.37
22.5,21.32,22.45,21.31,22.47
22.6,21.42,22.55,21.41,22.57
22.7,21.52,22.65,21.51,22.66
22.8,21.62,22.75,21.61,22.76
22.9,21.72,22.85,21.71,22.86
23.0,21.82,22.95,21.81,22.96
23.1,21.92,23.05,21.91,23.06
23.2,22.02,23.14,22.01,23.16
23.3,22.12,23.24,22.11,23.26
23.4,22.22,23.34,22.21,23.36
23.5,22.32,23.44,22.31,23.46
23.6,22.42,23.54,22.41,23.56
23.7,22.52,23.64,22.51,23.66
23.8,22.62,23.74,22.61,23.76
23.9,22.73,23.84,22.71,23.86
24.0,22.83,23.94,22.81,23.96
24.1,22.93,24.04,22.91,24.06
24.2,23.03,24.13,23.01,24.16
24.3,23.13,24.23,23.11,24.26
24.4,23.23,24.33,23.21,24.36
24.5,23.33,24.43,23.31,24.46
24.6,23.43,24.53,23.41,24.56
24.7,23.53,24.63,23.51,24.66
24.8,23.63,24.73,23.61,24.76
24.9,23.73,24.83,23.71,24.86
25.0,23.83,24.93,23.82,24.96
25.1,23.93,25.03,23.92,25.06
25.2,24.03,25.12,24.02,25.16
25.3,24.13,25.22,24.12,25.26
25.4,24.23,25.32,24.22,25.36
25.5,24.33,25.42,24.32,25.46
25.6,24.43,25.52,24.42,25.56
25.7,24.53,25.62,24.52,25.66
25.8,24.63,25.72,24.62,25.76
25.9,24.73,25.82,24.72,25.85
26.0,24.83,25.92,24.82,25.95
26.1,24.93,26.01,24.92,26.05
26.2,25.03,26.11,25.02,26.15
26.3,25.13,26.21,25.12,26.25
26.4,25.23,26.31,25.22,26.35
26.5,25.33,26.41,25.32,26.45
26.6,25.43,26.51,25.42,26.55
26.7,25.53,26.61,25.52,26.65
26.8,25.63,26.71,25.62,26.75
26.9,25.73,26.81,25.72,26.85
27.0,25.83,26.91,25.82,26.95
27.1,25.93,27.00,25.92,27.05
27.2,26.03,27.10,26.02,27.15
27.3,26.14,27.20,26.12,27.25
27.4,26.24,27.30,26.22,27.35
27.5,26.34,27.40,26.32,27.45
27.6,26.44,27.50,26.42,27.55
27.7,26.54,27.60,26.52,27.65
27.8,26.64,27.70,26.62,27.75
27.9,26.74,27.80,26.72,27.85
28.0,26.84,27.90,26.82,27.95
28.1,26.94,27.99,26.92,28.04
28.2,27.04,28.09,27.02,28.14
28.3,27.14,28.19,27.12,28.24
28.4,27.24,28.29,27.22,28.34
28.5,27.34,28.39,27.32,28.44
28.6,27.44,28.49,27.42,28.54
28.7,27.54,28.59,27.52,28.64
28.8,27.64,28.69,27.62,28.74
28.9,27.74,28.79,27.72,28.84
29.0,27.84,28.88,27.82,28.94
29.1,27.94,28.98,27.92,29.04
29.2,28.04,29.08,28.02,29.14
29.3,28.14,29.18,28.12,29.24
29.4,28.24,29.28,28.22,29.34
29.5,28.34,29.38,28.32,29.44
29.6,28.44,29.48,28.42,29.54
29.7,28.54,29.58,28.52,29.64
29.8,28.64,29.68,28.62,29.73
29.9,28.74,29.77,28.72,29.83
30.0,28.84,29.87,28.82,29.93
30.1,28.94,29.97,28.92,30.03
30.2,29.04,30.07,29.02,30.13
30.3,29.14,30.17,29.12,30.23
30.4,29.24,30.27,29.22,30.33
30.5,29.34,30.37,29.32,30.43
30.6,29.44,30.47,29.42,30.53
30.7,29.54,30.57,29.52,30.63
30.8,29.64,30.66,29.62,30.73
30.9,29.74,30.76,29.72,30.83
31.0,29.84,30.86,29.82,30.93
31.1,29.94,30.96,29.92,31.03
31.2,30.04,31.06,30.02,31.12
31.3,30.14,31.16,30.12,31.22
31.4,30.24,31.26,30.22,31.32
31.5,30.34,31.36,30.32,31.42
31.6,30.44,31.45,30.42,31.52
31.7,30.54,31.55,30.52,31.62
31.8,30.64,31.65,30.62,31.72
31.9,30.74,31.75,30.72,31.82
32.0,30.84,31.85,30.82,31.92
32.1,30.94,31.95,30.92,32.02
32.2,31.04,32.05,31.02,32.12
32.3,31.14,32.15,31.12,32.22
32.4,31.24,32.25,31.22,32.31
32.5,31.34,32.34,31.32,32.41
32.6,31.44,32.44,31.42,32.51
32.7,31.54,32.54,31.52,32.61
32.8,31.64,32.64,31.62,32.71
32.9,31.74,32.74,31.72,32.81
33.0,31.84,32.84,31.82,32.91
33.1,31.94,32.94,31.92,33.01
33.2,32.04,33.04,32.02,33.11
33.3,32.14,33.13,32.12,33.21
33.4,32.24,33.23,32.22,33.31
33.5,32.34,33.33,32.32,33.40
33.6,32.44,33.43,32.42,33.50
33.7,32.54,33.53,32.52,33.60
33.8,32.64,33.63,32.62,33.70
33.9,32.74,33.73,32.72,33.80
34.0,32.84,33.83,32.82,33.90
34.1,32.94,33.92,32.92,34.00
34.2,33.04,34.02,33.02,34.10
34.3,33.14,34.12,33.12,34.20
34.4,33.24,34.22,33.22,34.30
34.5,33.34,34.32,33.32,34.39
34.6,33.44,34.42,33.42,34.49
34.7,33.54,34.52,33.52,34.59
34.8,33.64,34.62,33.62,34.69
34.9,33.74,34.71,33.72,34.79
35.0,33.84,34.81,33.82,34.89
35.1,33.94,34.91,33.92,34.99
35.2,34.04,35.01,34.02,35.09
35.3,34.13,35.11,34.12,35.19
35.4,34.23,35.21,34.22,35.28
35.5,34.33,35.31,34.32,35.38
35.6,34.43,35.41,34.42,35.48
35.7,34.53,35.50,34.52,35.58
35.8,34.63,35.60,34.62,35.68
35.9,34.73,35.70,34.72,35.78
36.0,34.83,35.80,34.82,35.88
36.1,34.93,35.90,34.92,35.98
36.2,35.03,36.00,35.01,36.07
36.3,35.13,36.10,35.11,36.17
36.4,35.23,36.19,35.21,36.27
36.5,35.33,36.29,35.31,36.37
36.6,35.43,36.39,35.41,36.47
36.7,35.53,36.49,35.51,36.57
36.8,35.63,36.59,35.61,36.67
36.9,35.73,36.69,35.71,36.77
37.0,35.83,36.79,35.81,36.86
37.1,35.93,36.89,35.91,36.96
37.2,36.03,36.98,36.01,37.06
37.3,36.13,37.08,36.11,37.16
37.4,36.22,37.18,36.21,37.26
37.5,36.32,37.28,36.31,37.36
37.6,36.42,37.38,36.41,37.46
37.7,36.52,37.48,36.51,37.56
37.8,36.62,37.58,36.61,37.65
37.9,36.72,37.67,36.71,37.75
38.0,36.82,37.77,36.81,37.85
38.1,36.92,37.87,36.91,37.95
38.2,37.02,37.97,37.00,38.05
38.3,37.12,38.07,37.10,38.15
38.4,37.22,38.17,37.20,38.25
38.5,37.32,38.27,37.30,38.34
38.6,37.42,38.36,37.40,38.44
38.7,37.52,38.46,37.50,38.54
38.8,37.62,38.56,37.60,38.64
38.9,37.71,38.66,37.70,38.74
39.0,37.81,38.76,37.80,38.84
39.1,37.91,38.86,37.90,38.94
39.2,38.01,38.96,38.00,39.03
39.3,38.11,39.05,38.10,39.13
39.4,38.21,39.15,38.20,39.23
39.5,38.31,39.25,38.30,39.33
39.6,38.41,39.35,38.40,39.43
39.7,38.51,39.45,38.49,39.53
39.8,38.61,39.55,38.59,39.63
39.9,38.71,39.65,38.69,39.72
40.0,38.81,39.74,38.79,39.82
40.1,38.90,39.84,38.89,39.92
40.2,39.00,39.94,38.99,40.02
40.3,39.10,40.04,39.09,40.12
40.4,39.20,40.14,39.19,40.22
40.5,39.30,40.24,39.29,40.31
40.6,39.40,40.33,39.39,40.41
40.7,39.50,40.43,39.49,40.51
40.8,39.60,40.53,39.59,40.61
40.9,39.70,40.63,39.69,40.71
41.0,39.80,40.73,39.78,40.81
41.1,39.89,40.83,39.88,40.90
41.2,39.99,40.93,39.98,41.00
41.3,40.09,41.02,40.08,41.10
41.4,40.19,41.12,40.18,41.20
41.5,40.29,41.22,40.28,41.30
41.6,40.39,41.32,40.38,41.40
41.7,40.49,41.42,40.48,41.49
41.8,40.59,41.52,40.58,41.59
41.9,40.69,41.61,40.68,41.69
42.0,40.79,41.71,40.77,41.79
42.1,40.88,41.81,40.87,41.89
42.2,40.98,41.91,40.97,41.99
42.3,41.08,42.01,41.07,42.08
42.4,41.18,42.11,41.17,42.18
42.5,41.28,42.21,41.27,42.28
42.6,41.38,42.30,41.37,42.38
42.7,41.48,42.40,41.47,42.48
42.8,41.58,42.50,41.57,42.58
42.9,41.67,42.60,41.67,42.67
43.0,41.77,42.70,41.76,42.77
43.1,41.87,42.80,41.86,42.87
43.2,41.97,42.89,41.96,42.97
43.3,42.07,42.99,42.06,43.07
43.4,42.17,43.09,42.16,43.16
43.5,42.27,43.19,42.26,43.26
43.6,42.37,43.29,42.36,43.36
43.7,42.46,43.39,42.46,43.46
43.8,42.56,43.49,42.56,43.56
43.9,42.66,43.58,42.65,43.66
44.0,42.76,43.68,42.75,43.75
44.1,42.86,43.78,42.85,43.85
44.2,42.96,43.88,42.95,43.95
44.3,43.06,43.98,43.05,44.05
44.4,43.16,44.08,43.15,44.15
44.5,43.25,44.17,43.25,44.24
44.6,43.35,44.27,43.35,44.34
44.7,43.45,44.37,43.44,44.44
44.8,43.55,44.47,43.54,44.54
44.9,43.65,44.57,43.64,44.64
45.0,43.75,44.67,43.74,44.73
45.1,43.85,44.76,43.84,44.83
45.2,43.94,44.86,43.94,44.93
45.3,44.04,44.96,44.04,45.03
45.4,44.14,45.06,44.14,45.13
45.5,44.24,45.16,44.23,45.23
45.6,44.34,45.26,44.33,45.32
45.7,44.44,45.35,44.43,45.42
45.8,44.54,45.45,44.53,45.52
45.9,44.63,45.55,44.63,45.62
46.0,44.73,45.65,44.73,45.72
46.1,44.83,45.75,44.83,45.81
46.2,44.93,45.85,44.92,45.91
46.3,45.03,45.94,45.02,46.01
46.4,45.13,46.04,45.12,46.11
46.5,45.22,46.14,45.22,46.21
46.6,45.32,46.24,45.32,46.30
46.7,45.42,46.34,45.42,46.40
46.8,45.52,46.44,45.52,46.50
46.9,45.62,46.53,45.61,46.60
47.0,45.72,46.63,45.71,46.70
47.1,45.82,46.73,45.81,46.79
47.2,45.91,46.83,45.91,46.89
47.3,46.01,46.93,46.01,46.99
47.4,46.11,47.03,46.11,47.09
47.5,46.21,47.12,46.21,47.19
47.6,46.31,47.22,46.30,47.28
47.7,46.41,47.32,46.40,47.38
47.8,46.50,47.42,46.50,47.48
47.9,46.60,47.52,46.60,47.58
48.0,46.70,47.62,46.70,47.68
48.1,46.80,47.72,46.80,47.77
48.2,46.90,47.81,46.89,47.87
48.3,47.00,47.91,46.99,47.97
48.4,47.09,48.01,47.09,48.07
48.5,47.19,48.11,47.19,48.16
48.6,47.29,48.21,47.29,48.26
48.7,47.39,48.31,47.39,48.36
48.8,47.49,48.40,47.49,48.46
48.9,47.58,48.50,47.58,48.56
49.0,47.68,48.60,47.68,48.65
49.1,47.78,48.70,47.78,48.75
49.2,47.88,48.80,47.88,48.85
49.3,47.98,48.90,47.98,48.95
49.4,48.08,48.99,48.08,49.05
49.5,48.17,49.09,48.17,49.14
49.6,48.27,49.19,48.27,49.24
49.7,48.37,49.29,48.37,49.34
49.8,48.47,49.39,48.47,49.44
49.9,48.57,49.49,48.57,49.54
50.0,48.67,49.58,48.67,49.63
50.1,48.76,49.68,48.76,49.73
50.2,48.86,49.78,48.86,49.83
50.3,48.96,49.88,48.96,49.93
50.4,49.06,49.98,49.06,50.02
50.5,49.16,50.07,49.16,50.12
50.6,49.25,50.17,49.25,50.22
50.7,49.35,50.27,49.35,50.32
50.8,49.45,50.37,49.45,50.42
50.9,49.55,50.47,49.55,50.51
51.0,49.65,50.57,49.65,50.61
51.1,49.74,50.66,49.75,50.71
51.2,49.84,50.76,49.84,50.81
51.3,49.94,50.86,49.94,50.91
51.4,50.04,50.96,50.04,51.00
51.5,50.14,51.06,50.14,51.10
51.6,50.23,51.16,50.24,51.20
51.7,50.33,51.25,50.33,51.30
51.8,50.43,51.35,50.43,51.39
51.9,50.53,51.45,50.53,51.49
52.0,50.63,51.55,50.63,51.59
52.1,50.73,51.65,50.73,51.69
52.2,50.82,51.75,50.83,51.79
52.3,50.92,51.85,50.92,51.88
52.4,51.02,51.94,51.02,51.98
52.5,51.12,52.04,51.12,52.08
52.6,51.22,52.14,51.22,52.18
52.7,51.31,52.24,51.32,52.27
52.8,51.41,52.34,51.41,52.37
52.9,51.51,52.44,51.51,52.47
53.0,51.61,52.53,51.61,52.57
53.1,51.71,52.63,51.71,52.67
53.2,51.80,52.73,51.81,52.76
53.3,51.90,52.83,51.90,52.86
53.4,52.00,52.93,52.00,52.96
53.5,52.10,53.03,52.10,53.06
53.6,52.20,53.12,52.20,53.16
53.7,52.29,53.22,52.30,53.25
53.8,52.39,53.32,52.40,53.35
53.9,52.49,53.42,52.49,53.45
54.0,52.59,53.52,52.59,53.55
54.1,52.68,53.62,52.69,53.64
54.2,52.78,53.71,52.79,53.74
54.3,52.88,53.81,52.89,53.84
54.4,52.98,53.91,52.98,53.94
54.5,53.08,54.01,53.08,54.04
54.6,53.17,54.11,53.18,54.13
54.7,53.27,54.21,53.28,54.23
54.8,53.37,54.30,53.38,54.33
54.9,53.47,54.40,53.47,54.43
55.0,53.57,54.50,53.57,54.52
55.1,53.66,54.60,53.67,54.62
55.2,53.76,54.70,53.77,54.72
55.3,53.86,54.80,53.87,54.82
55.4,53.96,54.89,53.96,54.92
55.5,54.06,54.99,54.06,55.01
55.6,54.15,55.09,54.16,55.11
55.7,54.25,55.19,54.26,55.21
55.8,54.35,55.29,54.36,55.31
55.9,54.45,55.39,54.45,55.41
56.0,54.55,55.48,54.55,55.50
56.1,54.64,55.58,54.65,55.60
56.2,54.74,55.68,54.75,55.70
56.3,54.84,55.78,54.84,55.80
56.4,54.94,55.88,54.94,55.89
56.5,55.03,55.98,55.04,55.99
56.6,55.13,56.08,55.14,56.09
56.7,55.23,56.17,55.24,56.19
56.8,55.33,56.27,55.33,56.29
56.9,55.43,56.37,55.43,56.38
57.0,55.52,56.47,55.53,56.48
57.1,55.62,56.57,55.63,56.58
57.2,55.72,56.67,55.73,56.68
57.3,55.82,56.76,55.82,56.78
57.4,55.92,56.86,55.92,56.87
57.5,56.01,56.96,56.02,56.97
57.6,56.11,57.06,56.12,57.07
57.7,56.21,57.16,56.22,57.17
57.8,56.31,57.26,56.31,57.27
57.9,56.40,57.36,56.41,57.36
58.0,56.50,57.45,56.51,57.46
58.1,56.60,57.55,56.61,57.56
58.2,56.70,57.65,56.71,57.66
58.3,56.80,57.75,56.80,57.75
58.4,56.89,57.85,56.90,57.85
58.5,56.99,57.95,57.00,57.95
58.6,57.09,58.04,57.10,58.05
58.7,57.19,58.14,57.19,58.15
58.8,57.28,58.24,57.29,58.24
58.9,57.38,58.34,57.39,58.34
59.0,57.48,58.44,57.49,58.44
59.1,57.58,58.54,57.59,58.54
59.2,57.68,58.64,57.68,58.64
59.3,57.77,58.73,57.78,58.73
59.4,57.87,58.83,57.88,58.83
59.5,57.97,58.93,57.98,58.93
59.6,58.07,59.03,58.08,59.03
59.7,58.17,59.13,58.17,59.13
59.8,58.26,59.23,58.27,59.22
59.9,58.36,59.33,58.37,59.32
60.0,58.46,59.42,58.47,59.42
60.1,58.56,59.52,58.57,59.52
60.2,58.65,59.62,58.66,59.62
60.3,58.75,59.72,58.76,59.71
60.4,58.85,59.82,58.86,59.81
60.5,58.95,59.92,58.96,59.91
60.6,59.05,60.02,59.05,60.01
60.7,59.14,60.11,59.15,60.11
60.8,59.24,60.21,59.25,60.20
60.9,59.34,60.31,59.35,60.30
61.0,59.44,60.41,59.45,60.40
61.1,59.54,60.51,59.54,60.50
61.2,59.63,60.61,59.64,60.60
61.3,59.73,60.71,59.74,60.69
61.4,59.83,60.80,59.84,60.79
61.5,59.93,60.90,59.94,60.89
61.6,60.02,61.00,60.03,60.99
61.7,60.12,61.10,60.13,61.09
61.8,60.22,61.20,60.23,61.19
61.9,60.32,61.30,60.33,61.28
62.0,60.42,61.40,60.42,61.38
62.1,60.51,61.49,60.52,61.48
62.2,60.61,61.59,60.62,61.58
62.3,60.71,61.69,60.72,61.68
62.4,60.81,61.79,60.82,61.77
62.5,60.91,61.89,60.91,61.87
62.6,61.00,61.99,61.01,61.97
62.7,61.10,62.09,61.11,62.07
62.8,61.20,62.18,61.21,62.17
62.9,61.30,62.28,61.31,62.26
63.0,61.39,62.38,61.40,62.36
63.1,61.49,62.48,61.50,62.46
63.2,61.59,62.58,61.60,62.56
63.3,61.69,62.68,61.70,62.66
63.4,61.79,62.78,61.80,62.76
63.5,61.88,62.88,61.89,62.85
63.6,61.98,62.97,61.99,62.95
63.7,62.08,63.07,62.09,63.05
63.8,62.18,63.17,62.19,63.15
63.9,62.28,63.27,62.28,63.25
64.0,62.37,63.37,62.38,63.35
64.1,62.47,63.47,62.48,63.44
64.2,62.57,63.57,62.58,63.54
64.3,62.67,63.67,62.68,63.64
64.4,62.77,63.76,62.77,63.74
64.5,62.86,63.86,62.87,63.84
64.6,62.96,63.96,62.97,63.94
64.7,63.06,64.06,63.07,64.03
64.8,63.16,64.16,63.17,64.13
64.9,63.25,64.26,63.26,64.23
65.0,63.35,64.36,63.36,64.33
65.1,63.45,64.46,63.46,64.43
65.2,63.55,64.55,63.56,64.53
65.3,63.65,64.65,63.66,64.62
65.4,63.74,64.75,63.75,64.72
65.5,63.84,64.85,63.85,64.82
65.6,63.94,64.95,63.95,64.92
65.7,64.04,65.05,64.05,65.02
65.8,64.14,65.15,64.14,65.12
65.9,64.23,65.25,64.24,65.21
66.0,64.33,65.35,64.34,65.31
66.1,64.43,65.44,64.44,65.41
66.2,64.53,65.54,64.54,65.51
66.3,64.63,65.64,64.63,65.61
66.4,64.72,65.74,64.73,65.71
66.5,64.82,65.84,64.83,65.80
66.6,64.92,65.94,64.93,65.90
66.7,65.02,66.04,65.03,66.00
66.8,65.12,66.14,65.12,66.10
66.9,65.21,66.23,65.22,66.20
67.0,65.31,66.33,65.32,66.30
67.1,65.41,66.43,65.42,66.40
67.2,65.51,66.53,65.52,66.49
67.3,65.61,66.63,65.61,66.59
67.4,65.70,66.73,65.71,66.69
67.5,65.80,66.83,65.81,66.79
67.6,65.90,66.93,65.91,66.89
67.7,66.00,67.03,66.01,66.99
67.8,66.10,67.12,66.10,67.08
67.9,66.19,67.22,66.20,67.18
68.0,66.29,67.32,66.30,67.28
68.1,66.39,67.42,66.40,67.38
68.2,66.49,67.52,66.50,67.48
68.3,66.59,67.62,66.59,67.58
68.4,66.68,67.72,66.69,67.68
68.5,66.78,67.82,66.79,67.78
68.6,66.88,67.92,66.89,67.87
68.7,66.98,68.02,66.99,67.97
68.8,67.08,68.11,67.08,68.07
68.9,67.17,68.21,67.18,68.17
69.0,67.27,68.31,67.28,68.27
69.1,67.37,68.41,67.38,68.37
69.2,67.47,68.51,67.48,68.47
69.3,67.57,68.61,67.58,68.56
69.4,67.67,68.71,67.67,68.66
69.5,67.76,68.81,67.77,68.76
69.6,67.86,68.91,67.87,68.86
69.7,67.96,69.01,67.97,68.96
69.8,68.06,69.10,68.07,69.06
69.9,68.16,69.20,68.16,69.16
70.0,68.25,69.30,68.26,69.26
70.1,68.35,69.40,68.36,69.35
70.2,68.45,69.50,68.46,69.45
70.3,68.55,69.60,68.56,69.55
70.4,68.65,69.70,68.65,69.65
70.5,68.74,69.80,68.75,69.75
70.6,68.84,69.90,68.85,69.85
70.7,68.94,70.00,68.95,69.95
70.8,69.04,70.09,69.05,70.05
70.9,69.14,70.19,69.14,70.14
71.0,69.24,70.29,69.24,70.24
71.1,69.33,70.39,69.34,70.34
71.2,69.43,70.49,69.44,70.44
71.3,69.53,70.59,69.54,70.54
71.4,69.63,70.69,69.64,70.64
71.5,69.73,70.79,69.73,70.74
71.6,69.82,70.89,69.83,70.84
71.7,69.92,70.99,69.93,70.93
71.8,70.02,71.08,70.03,71.03
71.9,70.12,71.18,70.13,71.13
72.0,70.22,71.28,70.22,71.23
72.1,70.32,71.38,70.32,71.33
72.2,70.41,71.48,70.42,71.43
72.3,70.51,71.58,70.52,71.53
72.4,70.61,71.68,70.62,71.63
72.5,70.71,71.78,70.72,71.73
72.6,70.81,71.88,70.81,71.82
72.7,70.91,71.98,70.91,71.92
72.8,71.00,72.08,71.01,72.02
72.9,71.10,72.17,71.11,72.12
73.0,71.20,72.27,71.21,72.22
73.1,71.30,72.37,71.30,72.32
73.2,71.40,72.47,71.40,72.42
73.3,71.49,72.57,71.50,72.52
73.4,71.59,72.67,71.60,72.62
73.5,71.69,72.77,71.70,72.71
73.6,71.79,72.87,71.80,72.81
73.7,71.89,72.97,71.89,72.91
73.8,71.99,73.07,71.99,73.01
73.9,72.08,73.17,72.09,73.11
74.0,72.18,73.26,72.19,73.21
74.1,72.28,73.36,72.29,73.31
74.2,72.38,73.46,72.39,73.41
74.3,72.48,73.56,72.48,73.51
74.4,72.58,73.66,72.58,73.61
74.5,72.67,73.76,72.68,73.70
74.6,72.77,73.86,72.78,73.80
74.7,72.87,73.96,72.88,73.90
74.8,72.97,74.06,72.98,74.00
74.9,73.07,74.16,73.07,74.10
75.0,73.17,74.26,73.17,74.20
75.1,73.27,74.36,73.27,74.30
75.2,73.36,74.45,73.37,74.40
75.3,73.46,74.55,73.47,74.50
75.4,73.56,74.65,73.57,74.60
75.5,73.66,74.75,73.66,74.70
75.6,73.76,74.85,73.76,74.79
75.7,73.86,74.95,73.86,74.89
75.8,73.95,75.05,73.96,74.99
75.9,74.05,75.15,74.06,75.09
76.0,74.15,75.25,74.16,75.19
76.1,74.25,75.35,74.25,75.29
76.2,74.35,75.45,74.35,75.39
76.3,74.45,75.54,74.45,75.49
76.4,74.54,75.64,74.55,75.59
76.5,74.64,75.74,74.65,75.69
76.6,74.74,75.84,74.75,75.78
76.7,74.84,75.94,74.84,75.88
76.8,74.94,76.04,74.94,75.98
76.9,75.04,76.14,75.04,76.08
77.0,75.13,76.24,75.14,76.18
77.1,75.23,76.34,75.24,76.28
77.2,75.33,76.44,75.34,76.38
77.3,75.43,76.54,75.43,76.48
77.4,75.53,76.63,75.53,76.58
77.5,75.63,76.73,75.63,76.68
77.6,75.73,76.83,75.73,76.78
77.7,75.82,76.93,75.83,76.87
77.8,75.92,77.03,75.93,76.97
77.9,76.02,77.13,76.03,77.07
78.0,76.12,77.23,76.12,77.17
78.1,76.22,77.33,76.22,77.27
78.2,76.32,77.43,76.32,77.37
78.3,76.42,77.53,76.42,77.47
78.4,76.51,77.62,76.52,77.57
78.5,76.61,77.72,76.62,77.67
78.6,76.71,77.82,76.71,77.77
78.7,76.81,77.92,76.81,77.87
78.8,76.91,78.02,76.91,77.96
78.9,77.01,78.12,77.01,78.06
79.0,77.10,78.22,77.11,78.16
79.1,77.20,78.32,77.21,78.26
79.2,77.30,78.42,77.31,78.36
79.3,77.40,78.52,77.40,78.46
79.4,77.50,78.61,77.50,78.56
79.5,77.60,78.71,77.60,78.66
79.6,77.70,78.81,77.70,78.76
79.7,77.79,78.91,77.80,78.86
79.8,77.89,79.01,77.90,78.95
79.9,77.99,79.11,77.99,79.05
80.0,78.09,79.21,78.09,79.15
80.1,78.19,79.31,78.19,79.25
80.2,78.29,79.41,78.29,79.35
80.3,78.39,79.50,78.39,79.45
80.4,78.48,79.60,78.49,79.55
80.5,78.58,79.70,78.59,79.65
80.6,78.68,79.80,78.68,79.75
80.7,78.78,79.90,78.78,79.84
80.8,78.88,80.00,78.88,79.94
80.9,78.98,80.10,78.98,80.04
81.0,79.08,80.20,79.08,80.14
81.1,79.17,80.30,79.18,80.24
81.2,79.27,80.39,79.27,80.34
81.3,79.37,80.49,79.37,80.44
81.4,79.47,80.59,79.47,80.54
81.5,79.57,80.69,79.57,80.64
81.6,79.67,80.79,79.67,80.73
81.7,79.76,80.89,79.77,80.83
81.8,79.86,80.99,79.87,80.93
81.9,79.96,81.09,79.96,81.03
82.0,80.06,81.18,80.06,81.13
82.1,80.16,81.28,80.16,81.23
82.2,80.26,81.38,80.26,81.33
82.3,80.36,81.48,80.36,81.43
82.4,80.45,81.58,80.46,81.53
82.5,80.55,81.68,80.55,81.62
82.6,80.65,81.78,80.65,81.72
82.7,80.75,81.87,80.75,81.82
82.8,80.85,81.97,80.85,81.92
82.9,80.95,82.07,80.95,82.02
83.0,81.05,82.17,81.05,82.12
83.1,81.14,82.27,81.15,82.22
83.2,81.24,82.37,81.24,82.31
83.3,81.34,82.47,81.34,82.41
83.4,81.44,82.56,81.44,82.51
83.5,81.54,82.66,81.54,82.61
83.6,81.64,82.76,81.64,82.71
83.7,81.74,82.86,81.74,82.81
83.8,81.83,82.96,81.83,82.91
83.9,81.93,83.06,81.93,83.00
84.0,82.03,83.15,82.03,83.10
84.1,82.13,83.25,82.13,83.20
84.2,82.23,83.35,82.23,83.30
84.3,82.33,83.45,82.33,83.40
84.4,82.42,83.55,82.43,83.50
84.5,82.52,83.65,82.52,83.60
84.6,82.62,83.74,82.62,83.69
84.7,82.72,83.84,82.72,83.79
84.8,82.82,83.94,82.82,83.89
84.9,82.92,84.04,82.92,83.99
85.0,83.02,84.14,83.02,84.09
85.1,83.11,84.23,83.11,84.19
85.2,83.21,84.33,83.21,84.28
85.3,83.31,84.43,83.31,84.38
85.4,83.41,84.53,83.41,84.48
85.5,83.51,84.63,83.51,84.58
85.6,83.61,84.72,83.61,84.68
85.7,83.70,84.82,83.70,84.77
85.8,83.80,84.92,83.80,84.87
85.9,83.90,85.02,83.90,84.97
86.0,84.00,85.12,84.00,85.07
86.1,84.10,85.21,84.10,85.17
86.2,84.20,85.31,84.20,85.26
86.3,84.29,85.41,84.29,85.36
86.4,84.39,85.51,84.39,85.46
86.5,84.49,85.61,84.49,85.56
86.6,84.59,85.70,84.59,85.66
86.7,84.69,85.80,84.69,85.75
86.8,84.79,85.90,84.78,85.85
86.9,84.88,86.00,84.88,85.95
87.0,84.98,86.09,84.98,86.05
87.1,85.08,86.19,85.08,86.14
87.2,85.18,86.29,85.18,86.24
87.3,85.28,86.39,85.28,86.34
87.4,85.38,86.48,85.37,86.44
87.5,85.47,86.58,85.47,86.53
87.6,85.57,86.68,85.57,86.63
87.7,85.67,86.78,85.67,86.73
87.8,85.77,86.87,85.77,86.83
87.9,85.87,86.97,85.86,86.92
88.0,85.97,87.07,85.96,87.02
88.1,86.06,87.17,86.06,87.12
88.2,86.16,87.26,86.16,87.22
88.3,86.26,87.36,86.26,87.31
88.4,86.36,87.46,86.36,87.41
88.5,86.46,87.55,86.45,87.51
88.6,86.55,87.65,86.55,87.61
88.7,86.65,87.75,86.65,87.70
88.8,86.75,87.85,86.75,87.80
88.9,86.85,87.94,86.85,87.90
89.0,86.95,88.04,86.94,87.99
89.1,87.04,88.14,87.04,88.09
89.2,87.14,88.23,87.14,88.19
89.3,87.24,88.33,87.24,88.28
89.4,87.34,88.43,87.33,88.38
89.5,87.44,88.52,87.43,88.48
89.6,87.53,88.62,87.53,88.57
89.7,87.63,88.72,87.63,88.67
89.8,87.73,88.81,87.73,88.77
89.9,87.83,88.91,87.82,88.86
90.0,87.93,89.01,87.92,88.96
90.1,88.02,89.10,88.02,89.06
90.2,88.12,89.20,88.12,89.15
90.3,88.22,89.30,88.21,89.25
90.4,88.32,89.39,88.31,89.35
90.5,88.42,89.49,88.41,89.44
90.6,88.51,89.58,88.51,89.54
90.7,88.61,89.68,88.61,89.63
90.8,88.71,89.78,88.70,89.73
90.9,88.81,89.87,88.80,89.83
91.0,88.90,89.97,88.90,89.92
91.1,89.00,90.07,89.00,90.02
91.2,89.10,90.16,89.09,90.11
91.3,89.20,90.26,89.19,90.21
91.4,89.30,90.35,89.29,90.31
91.5,89.39,90.45,89.39,90.40
91.6,89.49,90.54,89.48,90.50
91.7,89.59,90.64,89.58,90.59
91.8,89.69,90.74,89.68,90.69
91.9,89.78,90.83,89.78,90.78
92.0,89.88,90.93,89.87,90.88
92.1,89.98,91.02,89.97,90.97
92.2,90.08,91.12,90.07,91.07
92.3,90.17,91.21,90.17,91.16
92.4,90.27,91.31,90.26,91.26
92.5,90.37,91.40,90.36,91.35
92.6,90.47,91.50,90.46,91.45
92.7,90.56,91.59,90.55,91.54
92.8,90.66,91.69,90.65,91.64
92.9,90.76,91.78,90.75,91.73
93.0,90.86,91.88,90.85,91.83
93.1,90.95,91.97,90.94,91.92
93.2,91.05,92.07,91.04,92.02
93.3,91.15,92.16,91.14,92.11
93.4,91.24,92.26,91.23,92.21
93.5,91.34,92.35,91.33,92.30
93.6,91.44,92.45,91.43,92.39
93.7,91.54,92.54,91.52,92.49
93.8,91.63,92.64,91.62,92.58
93.9,91.73,92.73,91.72,92.68
94.0,91.83,92.83,91.81,92.77
94.1,91.92,92.92,91.91,92.86
94.2,92.02,93.02,92.01,92.96
94.3,92.12,93.11,92.10,93.05
94.4,92.22,93.20,92.20,93.15
94.5,92.31,93.30,92.30,93.24
94.6,92.41,93.39,92.39,93.33
94.7,92.51,93.49,92.49,93.43
94.8,92.60,93.58,92.59,93.52
94.9,92.70,93.67,92.68,93.61
95.0,92.80,93.77,92.78,93.71
95.1,92.89,93.86,92.88,93.80
95.2,92.99,93.95,92.97,93.89
95.3,93.09,94.05,93.07,93.98
95.4,93.18,94.14,93.17,94.08
95.5,93.28,94.23,93.26,94.17
95.6,93.38,94.33,93.36,94.26
95.7,93.47,94.42,93.45,94.36
95.8,93.57,94.51,93.55,94.45
95.9,93.67,94.61,93.65,94.54
96.0,93.76,94.70,93.74,94.63
96.1,93.86,94.79,93.84,94.72
96.2,93.96,94.89,93.93,94.82
96.3,94.05,94.98,94.03,94.91
96.4,94.15,95.07,94.13,95.00
96.5,94.24,95.16,94.22,95.09
96.6,94.34,95.26,94.32,95.18
96.7,94.44,95.35,94.41,95.27
96.8,94.53,95.44,94.51,95.37
96.9,94.63,95.53,94.61,95.46
97.0,94.72,95.63,94.70,95.55
