1.0,0.25,1.04,0.38,1.08
1.1,0.34,1.14,0.47,1.18
1.2,0.44,1.25,0.56,1.28
1.3,0.53,1.35,0.65,1.39
1.4,0.63,1.45,0.75,1.49
1.5,0.72,1.56,0.84,1.59
1.6,0.82,1.66,0.93,1.70
1.7,0.91,1.76,1.02,1.80
1.8,1.00,1.87,1.11,1.90
1.9,1.10,1.97,1.20,2.00
2.0,1.19,2.07,1.29,2.11
2.1,1.29,2.18,1.38,2.21
2.2,1.38,2.28,1.48,2.31
2.3,1.48,2.38,1.57,2.41
2.4,1.57,2.49,1.66,2.52
2.5,1.67,2.59,1.75,2.62
2.6,1.76,2.69,1.84,2.72
2.7,1.86,2.79,1.94,2.82
2.8,1.95,2.90,2.03,2.93
2.9,2.05,3.00,2.12,3.03
3.0,2.15,3.10,2.21,3.13
3.1,2.24,3.20,2.31,3.23
3.2,2.34,3.31,2.40,3.33
3.3,2.43,3.41,2.49,3.44
3.4,2.53,3.51,2.58,3.54
3.5,2.62,3.61,2.68,3.64
3.6,2.72,3.72,2.77,3.74
3.7,2.81,3.82,2.86,3.84
3.8,2.91,3.92,2.96,3.94
3.9,3.01,4.02,3.05,4.05
4.0,3.10,4.12,3.14,4.15
4.1,3.20,4.23,3.24,4.25
4.2,3.29,4.33,3.33,4.35
4.3,3.39,4.43,3.43,4.45
4.4,3.49,4.53,3.52,4.55
4.5,3.58,4.63,3.61,4.65
4.6,3.68,4.73,3.71,4.76
4.7,3.78,4.84,3.80,4.86
4.8,3.87,4.94,3.90,4.96
4.9,3.97,5.04,3.99,5.06
5.0,4.06,5.14,4.09,5.16
5.1,4.16,5.24,4.18,5.26
5.2,4.26,5.34,4.28,5.36
5.3,4.35,5.44,4.37,5.46
5.4,4.45,5.55,4.46,5.56
5.5,4.55,5.65,4.56,5.66
5.6,4.64,5.75,4.65,5.77
5.7,4.74,5.85,4.75,5.87
5.8,4.84,5.95,4.85,5.97
5.9,4.93,6.05,4.94,6.07
6.0,5.03,6.15,5.04,6.17
6.1,5.13,6.25,5.13,6.27
6.2,5.22,6.35,5.23,6.37
6.3,5.32,6.45,5.32,6.47
6.4,5.42,6.55,5.42,6.57
6.5,5.52,6.66,5.51,6.67
6.6,5.61,6.76,5.61,6.77
6.7,5.71,6.86,5.71,6.87
6.8,5.81,6.96,5.80,6.97
6.9,5.90,7.06,5.90,7.07
7.0,6.00,7.16,5.99,7.17
7.1,6.10,7.26,6.09,7.27
7.2,6.20,7.36,6.19,7.37
7.3,6.29,7.46,6.28,7.47
7.4,6.39,7.56,6.38,7.57
7.5,6.49,7.66,6.47,7.67
7.6,6.59,7.76,6.57,7.77
7.7,6.68,7.86,6.67,7.87
7.8,6.78,7.96,6.76,7.97
7.9,6.88,8.06,6.86,8.07
8.0,6.98,8.16,6.96,8.17
8.1,7.07,8.26,7.05,8.27
8.2,7.17,8.36,7.15,8.37
8.3,7.27,8.46,7.25,8.47
8.4,7.37,8.56,7.34,8.57
8.5,7.46,8.66,7.44,8.67
8.6,7.56,8.76,7.54,8.77
8.7,7.66,8.86,7.64,8.87
8.8,7.76,8.96,7.73,8.97
8.9,7.85,9.06,7.83,9.07
9.0,7.95,9.16,7.93,9.17
9.1,8.05,9.26,8.02,9.27
9.2,8.15,9.36,8.12,9.37
9.3,8.25,9.46,8.22,9.47
9.4,8.34,9.56,8.32,9.57
9.5,8.44,9.66,8.41,9.67
9.6,8.54,9.76,8.51,9.77
9.7,8.64,9.86,8.61,9.87
9.8,8.74,9.96,8.71,9.97
9.9,8.83,10.06,8.80,10.07
10.0,8.93,10.16,8.90,10.17
10.1,9.03,10.26,9.00,10.27
10.2,9.13,10.36,9.10,10.36
10.3,9.23,10.46,9.20,10.46
10.4,9.32,10.56,9.29,10.56
10.5,9.42,10.66,9.39,10.66
10.6,9.52,10.76,9.49,10.76
10.7,9.62,10.86,9.59,10.86
10.8,9.72,10.95,9.68,10.96
10.9,9.82,11.05,9.78,11.06
11.0,9.91,11.15,9.88,11.16
11.1,10.01,11.25,9.98,11.26
11.2,10.11,11.35,10.08,11.36
11.3,10.21,11.45,10.18,11.46
11.4,10.31,11.55,10.27,11.56
11.5,10.41,11.65,10.37,11.66
11.6,10.51,11.75,10.47,11.75
11.7,10.60,11.85,10.57,11.85
11.8,10.70,11.95,10.67,11.95
11.9,10.80,12.05,10.77,12.05
12.0,10.90,12.15,10.86,12.15
12.1,11.00,12.25,10.96,12.25
12.2,11.10,12.34,11.06,12.35
12.3,11.20,12.44,11.16,12.45
12.4,11.29,12.54,11.26,12.55
12.5,11.39,12.64,11.36,12.65
12.6,11.49,12.74,11.46,12.75
12.7,11.59,12.84,11.55,12.84
12.8,11.69,12.94,11.65,12.94
12.9,11.79,13.04,11.75,13.04
13.0,11.89,13.14,11.85,13.14
13.1,11.99,13.24,11.95,13.24
13.2,12.08,13.34,12.05,13.34
13.3,12.18,13.44,12.15,13.44
13.4,12.28,13.53,12.25,13.54
13.5,12.38,13.63,12.35,13.64
13.6,12.48,13.73,12.45,13.73
13.7,12.58,13.83,12.54,13.83
13.8,12.68,13.93,12.64,13.93
13.9,12.78,14.03,12.74,14.03
14.0,12.88,14.13,12.84,14.13
14.1,12.98,14.23,12.94,14.23
14.2,13.07,14.33,13.04,14.33
14.3,13.17,14.43,13.14,14.43
14.4,13.27,14.52,13.24,14.53
14.5,13.37,14.62,13.34,14.62
14.6,13.47,14.72,13.44,14.72
14.7,13.57,14.82,13.54,14.82
14.8,13.67,14.92,13.64,14.92
14.9,13.77,15.02,13.73,15.02
15.0,13.87,15.12,13.83,15.12
15.1,13.97,15.22,13.93,15.22
15.2,14.07,15.32,14.03,15.32
15.3,14.16,15.41,14.13,15.42
15.4,14.26,15.51,14.23,15.51
15.5,14.36,15.61,14.33,15.61
15.6,14.46,15.71,14.43,15.71
15.7,14.56,15.81,14.53,15.81
15.8,14.66,15.91,14.63,15.91
15.9,14.76,16.01,14.73,16.01
16.0,14.86,16.11,14.83,16.11
16.1,14.96,16.21,14.93,16.21
16.2,15.06,16.30,15.03,16.31
16.3,15.16,16.40,15.13,16.40
16.4,15.26,16.50,15.23,16.50
16.5,15.36,16.60,15.33,16.60
16.6,15.46,16.70,15.43,16.70
16.7,15.56,16.80,15.53,16.80
16.8,15.66,16.90,15.63,16.90
16.9,15.75,17.00,15.73,17.00
17.0,15.85,17.10,15.83,17.10
17.1,15.95,17.19,15.93,17.19
17.2,16.05,17.29,16.03,17.29
17.3,16.15,17.39,16.13,17.39
17.4,16.25,17.49,16.23,17.49
17.5,16.35,17.59,16.33,17.59
17.6,16.45,17.69,16.43,17.69
17.7,16.55,17.79,16.53,17.79
17.8,16.65,17.89,16.63,17.89
17.9,16.75,17.99,16.73,17.99
18.0,16.85,18.08,16.83,18.08
18.1,16.95,18.18,16.93,18.18
18.2,17.05,18.28,17.03,18.28
18.3,17.15,18.38,17.13,18.38
18.4,17.25,18.48,17.23,18.48
18.5,17.35,18.58,17.33,18.58
18.6,17.45,18.68,17.43,18.68
18.7,17.55,18.78,17.53,18.78
18.8,17.65,18.88,17.63,18.87
18.9,17.75,18.97,17.73,18.97
19.0,17.85,19.07,17.83,19.07
19.1,17.95,19.17,17.93,19.17
19.2,18.05,19.27,18.03,19.27
19.3,18.15,19.37,18.13,19.37
19.4,18.25,19.47,18.23,19.47
19.5,18.35,19.57,18.33,19.57
19.6,18.45,19.67,18.43,19.67
19.7,18.55,19.77,18.53,19.76
19.8,18.65,19.87,18.63,19.86
19.9,18.75,19.96,18.73,19.96
20.0,18.85,20.06,18.83,20.06
20.1,18.95,20.16,18.93,20.16
20.2,19.05,20.26,19.03,20.26
20.3,19.15,20.36,19.13,20.36
20.4,19.25,20.46,19.23,20.46
20.5,19.35,20.56,19.33,20.56
20.6,19.45,20.66,19.43,20.65
20.7,19.55,20.76,19.53,20.75
20.8,19.65,20.85,19.63,20.85
20.9,19.75,20.95,19.73,20.95
21.0,19.85,21.05,19.83,21.05
21.1,19.95,21.15,19.93,21.15
21.2,20.05,21.25,20.03,21.25
21.3,20.15,21.35,20.13,21.35
21.4,20.25,21.45,20.23,21.45
21.5,20.35,21.55,20.33,21.55
21.6,20.45,21.65,20.43,21.64
21.7,20.55,21.75,20.54,21.74
21.8,20.65,21.85,20.64,21.84
21.9,20.75,21.94,20.74,21.94
22.0,20.85,22.04,20.84,22.04
22.1,20.95,22.14,20.94,22.14
22.2,21.05,22.24,21.04,22.24
22.3,21.15,22.34,21.14,22.34
22.4,21.25,22.44,21.24,22.44
22.5,21.35,22.54,21.34,22.54
22.6,21.45,22.64,21.44,22.63
22.7,21.55,22.74,21.54,22.73
22.8,21.65,22.84,21.64,22.83
22.9,21.75,22.94,21.74,22.93
23.0,21.85,23.03,21.84,23.03
23.1,21.95,23.13,21.94,23.13
23.2,22.05,23.23,22.04,23.23
23.3,22.15,23.33,22.14,23.33
23.4,22.25,23.43,22.24,23.43
23.5,22.35,23.53,22.35,23.53
23.6,22.45,23.63,22.45,23.63
23.7,22.55,23.73,22.55,23.73
23.8,22.65,23.83,22.65,23.82
23.9,22.75,23.93,22.75,23.92
24.0,22.85,24.03,22.85,24.02
24.1,22.95,24.13,22.95,24.12
24.2,23.05,24.22,23.05,24.22
24.3,23.15,24.32,23.15,24.32
24.4,23.25,24.42,23.25,24.42
24.5,23.35,24.52,23.35,24.52
24.6,23.45,24.62,23.45,24.62
24.7,23.55,24.72,23.55,24.72
24.8,23.66,24.82,23.65,24.82
24.9,23.76,24.92,23.76,24.92
25.0,23.86,25.02,23.86,25.02
25.1,23.96,25.12,23.96,25.11
25.2,24.06,25.22,24.06,25.21
25.3,24.16,25.32,24.16,25.31
25.4,24.26,25.42,24.26,25.41
25.5,24.36,25.52,24.36,25.51
25.6,24.46,25.61,24.46,25.61
25.7,24.56,25.71,24.56,25.71
25.8,24.66,25.81,24.66,25.81
25.9,24.76,25.91,24.76,25.91
26.0,24.86,26.01,24.86,26.01
26.1,24.96,26.11,24.96,26.11
26.2,25.06,26.21,25.07,26.21
26.3,25.16,26.31,25.17,26.31
26.4,25.26,26.41,25.27,26.41
26.5,25.36,26.51,25.37,26.51
26.6,25.47,26.61,25.47,26.60
26.7,25.57,26.71,25.57,26.70
26.8,25.67,26.81,25.67,26.80
26.9,25.77,26.91,25.77,26.90
27.0,25.87,27.01,25.87,27.00
27.1,25.97,27.11,25.97,27.10
27.2,26.07,27.21,26.07,27.20
27.3,26.17,27.31,26.18,27.30
27.4,26.27,27.40,26.28,27.40
27.5,26.37,27.50,26.38,27.50
27.6,26.47,27.60,26.48,27.60
27.7,26.57,27.70,26.58,27.70
27.8,26.67,27.80,26.68,27.80
27.9,26.77,27.90,26.78,27.90
28.0,26.87,28.00,26.88,28.00
28.1,26.98,28.10,26.98,28.10
28.2,27.08,28.20,27.08,28.20
28.3,27.18,28.30,27.18,28.30
28.4,27.28,28.40,27.29,28.40
28.5,27.38,28.50,27.39,28.50
28.6,27.48,28.60,27.49,28.60
28.7,27.58,28.70,27.59,28.69
28.8,27.68,28.80,27.69,28.79
28.9,27.78,28.90,27.79,28.89
29.0,27.88,29.00,27.89,28.99
29.1,27.98,29.10,27.99,29.09
29.2,28.08,29.20,28.09,29.19
29.3,28.19,29.30,28.19,29.29
29.4,28.29,29.40,28.30,29.39
29.5,28.39,29.50,28.40,29.49
29.6,28.49,29.60,28.50,29.59
29.7,28.59,29.70,28.60,29.69
29.8,28.69,29.80,28.70,29.79
29.9,28.79,29.90,28.80,29.89
30.0,28.89,30.00,28.90,29.99
30.1,28.99,30.10,29.00,30.09
30.2,29.09,30.20,29.10,30.19
30.3,29.19,30.30,29.20,30.29
30.4,29.29,30.40,29.31,30.39
30.5,29.40,30.50,29.41,30.49
30.6,29.50,30.59,29.51,30.59
30.7,29.60,30.69,29.61,30.69
30.8,29.70,30.79,29.71,30.79
30.9,29.80,30.89,29.81,30.89
31.0,29.90,30.99,29.91,30.99
31.1,30.00,31.09,30.01,31.09
31.2,30.10,31.19,30.11,31.19
31.3,30.20,31.29,30.21,31.29
31.4,30.30,31.39,30.32,31.39
31.5,30.41,31.49,30.42,31.49
31.6,30.51,31.59,30.52,31.59
31.7,30.61,31.69,30.62,31.69
31.8,30.71,31.79,30.72,31.79
31.9,30.81,31.89,30.82,31.89
32.0,30.91,31.99,30.92,31.99
32.1,31.01,32.09,31.02,32.09
32.2,31.11,32.19,31.12,32.19
32.3,31.21,32.29,31.23,32.29
32.4,31.31,32.39,31.33,32.39
32.5,31.42,32.49,31.43,32.49
32.6,31.52,32.59,31.53,32.59
32.7,31.62,32.69,31.63,32.69
32.8,31.72,32.79,31.73,32.79
32.9,31.82,32.89,31.83,32.89
33.0,31.92,32.99,31.93,32.99
33.1,32.02,33.09,32.03,33.09
33.2,32.12,33.19,32.14,33.19
33.3,32.22,33.29,32.24,33.29
33.4,32.33,33.39,32.34,33.39
33.5,32.43,33.49,32.44,33.49
33.6,32.53,33.59,32.54,33.59
33.7,32.63,33.69,32.64,33.69
33.8,32.73,33.79,32.74,33.79
33.9,32.83,33.89,32.84,33.89
34.0,32.93,33.99,32.95,33.99
34.1,33.03,34.09,33.05,34.09
34.2,33.13,34.19,33.15,34.19
34.3,33.24,34.29,33.25,34.29
34.4,33.34,34.39,33.35,34.39
34.5,33.44,34.50,33.45,34.49
34.6,33.54,34.60,33.55,34.59
34.7,33.64,34.70,33.65,34.69
34.8,33.74,34.80,33.75,34.79
34.9,33.84,34.90,33.86,34.89
35.0,33.94,35.00,33.96,34.99
35.1,34.05,35.10,34.06,35.09
35.2,34.15,35.20,34.16,35.19
35.3,34.25,35.30,34.26,35.29
35.4,34.35,35.40,34.36,35.39
35.5,34.45,35.50,34.46,35.49
35.6,34.55,35.60,34.56,35.59
35.7,34.65,35.70,34.66,35.69
35.8,34.75,35.80,34.77,35.79
35.9,34.86,35.90,34.87,35.89
36.0,34.96,36.00,34.97,35.99
36.1,35.06,36.10,35.07,36.09
36.2,35.16,36.20,35.17,36.19
36.3,35.26,36.30,35.27,36.29
36.4,35.36,36.40,35.37,36.39
36.5,35.46,36.50,35.47,36.49
36.6,35.56,36.60,35.58,36.59
36.7,35.67,36.70,35.68,36.69
36.8,35.77,36.80,35.78,36.79
36.9,35.87,36.90,35.88,36.89
37.0,35.97,37.00,35.98,37.00
37.1,36.07,37.10,36.08,37.10
37.2,36.17,37.20,36.18,37.20
37.3,36.27,37.30,36.28,37.30
37.4,36.37,37.40,36.39,37.40
37.5,36.48,37.50,36.49,37.50
37.6,36.58,37.60,36.59,37.60
37.7,36.68,37.70,36.69,37.70
37.8,36.78,37.80,36.79,37.80
37.9,36.88,37.90,36.89,37.90
38.0,36.98,38.01,36.99,38.00
38.1,37.08,38.11,37.09,38.10
38.2,37.19,38.21,37.20,38.20
38.3,37.29,38.31,37.30,38.30
38.4,37.39,38.41,37.40,38.40
38.5,37.49,38.51,37.50,38.50
38.6,37.59,38.61,37.60,38.60
38.7,37.69,38.71,37.70,38.70
38.8,37.79,38.81,37.80,38.80
38.9,37.90,38.91,37.90,38.90
39.0,38.00,39.01,38.01,39.00
39.1,38.10,39.11,38.11,39.10
39.2,38.20,39.21,38.21,39.20
39.3,38.30,39.31,38.31,39.30
39.4,38.40,39.41,38.41,39.41
39.5,38.50,39.51,38.51,39.51
39.6,38.60,39.61,38.61,39.61
39.7,38.71,39.71,38.71,39.71
39.8,38.81,39.81,38.82,39.81
39.9,38.91,39.91,38.92,39.91
40.0,39.01,40.01,39.02,40.01
40.1,39.11,40.11,39.12,40.11
40.2,39.21,40.22,39.22,40.21
40.3,39.31,40.32,39.32,40.31
40.4,39.42,40.42,39.42,40.41
40.5,39.52,40.52,39.52,40.51
40.6,39.62,40.62,39.63,40.61
40.7,39.72,40.72,39.73,40.71
40.8,39.82,40.82,39.83,40.81
40.9,39.92,40.92,39.93,40.91
41.0,40.02,41.02,40.03,41.01
41.1,40.13,41.12,40.13,41.11
41.2,40.23,41.22,40.23,41.21
41.3,40.33,41.32,40.34,41.31
41.4,40.43,41.42,40.44,41.42
41.5,40.53,41.52,40.54,41.52
41.6,40.63,41.62,40.64,41.62
41.7,40.73,41.72,40.74,41.72
41.8,40.84,41.82,40.84,41.82
41.9,40.94,41.92,40.94,41.92
42.0,41.04,42.03,41.04,42.02
42.1,41.14,42.13,41.15,42.12
42.2,41.24,42.23,41.25,42.22
42.3,41.34,42.33,41.35,42.32
42.4,41.44,42.43,41.45,42.42
42.5,41.55,42.53,41.55,42.52
42.6,41.65,42.63,41.65,42.62
42.7,41.75,42.73,41.75,42.72
42.8,41.85,42.83,41.85,42.82
42.9,41.95,42.93,41.96,42.92
43.0,42.05,43.03,42.06,43.02
43.1,42.15,43.13,42.16,43.13
43.2,42.26,43.23,42.26,43.23
43.3,42.36,43.33,42.36,43.33
43.4,42.46,43.43,42.46,43.43
43.5,42.56,43.53,42.56,43.53
43.6,42.66,43.63,42.66,43.63
43.7,42.76,43.74,42.77,43.73
43.8,42.87,43.84,42.87,43.83
43.9,42.97,43.94,42.97,43.93
44.0,43.07,44.04,43.07,44.03
44.1,43.17,44.14,43.17,44.13
44.2,43.27,44.24,43.27,44.23
44.3,43.37,44.34,43.37,44.33
44.4,43.47,44.44,43.48,44.43
44.5,43.58,44.54,43.58,44.53
44.6,43.68,44.64,43.68,44.63
44.7,43.78,44.74,43.78,44.74
44.8,43.88,44.84,43.88,44.84
44.9,43.98,44.94,43.98,44.94
45.0,44.08,45.04,44.08,45.04
45.1,44.18,45.14,44.18,45.14
45.2,44.29,45.24,44.29,45.24
45.3,44.39,45.35,44.39,45.34
45.4,44.49,45.45,44.49,45.44
45.5,44.59,45.55,44.59,45.54
45.6,44.69,45.65,44.69,45.64
45.7,44.79,45.75,44.79,45.74
45.8,44.89,45.85,44.89,45.84
45.9,45.00,45.95,45.00,45.94
46.0,45.10,46.05,45.10,46.04
46.1,45.20,46.15,45.20,46.14
46.2,45.30,46.25,45.30,46.25
46.3,45.40,46.35,45.40,46.35
46.4,45.50,46.45,45.50,46.45
46.5,45.60,46.55,45.60,46.55
46.6,45.71,46.65,45.70,46.65
46.7,45.81,46.75,45.81,46.75
46.8,45.91,46.85,45.91,46.85
46.9,46.01,46.96,46.01,46.95
47.0,46.11,47.06,46.11,47.05
47.1,46.21,47.16,46.21,47.15
47.2,46.31,47.26,46.31,47.25
47.3,46.42,47.36,46.41,47.35
47.4,46.52,47.46,46.51,47.45
47.5,46.62,47.56,46.62,47.55
47.6,46.72,47.66,46.72,47.66
47.7,46.82,47.76,46.82,47.76
47.8,46.92,47.86,46.92,47.86
47.9,47.02,47.96,47.02,47.96
48.0,47.13,48.06,47.12,48.06
48.1,47.23,48.16,47.22,48.16
48.2,47.33,48.26,47.32,48.26
48.3,47.43,48.36,47.43,48.36
48.4,47.53,48.47,47.53,48.46
48.5,47.63,48.57,47.63,48.56
48.6,47.73,48.67,47.73,48.66
48.7,47.84,48.77,47.83,48.76
48.8,47.94,48.87,47.93,48.86
48.9,48.04,48.97,48.03,48.96
49.0,48.14,49.07,48.14,49.06
49.1,48.24,49.17,48.24,49.17
49.2,48.34,49.27,48.34,49.27
49.3,48.44,49.37,48.44,49.37
49.4,48.55,49.47,48.54,49.47
49.5,48.65,49.57,48.64,49.57
49.6,48.75,49.67,48.74,49.67
49.7,48.85,49.77,48.84,49.77
49.8,48.95,49.87,48.95,49.87
49.9,49.05,49.97,49.05,49.97
50.0,49.15,50.08,49.15,50.07
50.1,49.25,50.18,49.25,50.17
50.2,49.36,50.28,49.35,50.27
50.3,49.46,50.38,49.45,50.37
50.4,49.56,50.48,49.55,50.47
50.5,49.66,50.58,49.65,50.57
50.6,49.76,50.68,49.75,50.68
50.7,49.86,50.78,49.86,50.78
50.8,49.96,50.88,49.96,50.88
50.9,50.06,50.98,50.06,50.98
51.0,50.17,51.08,50.16,51.08
51.1,50.27,51.18,50.26,51.18
51.2,50.37,51.28,50.36,51.28
51.3,50.47,51.38,50.46,51.38
51.4,50.57,51.48,50.56,51.48
51.5,50.67,51.58,50.67,51.58
51.6,50.77,51.69,50.77,51.68
51.7,50.88,51.79,50.87,51.78
51.8,50.98,51.89,50.97,51.88
51.9,51.08,51.99,51.07,51.98
52.0,51.18,52.09,51.17,52.08
52.1,51.28,52.19,51.27,52.18
52.2,51.38,52.29,51.37,52.29
52.3,51.48,52.39,51.48,52.39
52.4,51.58,52.49,51.58,52.49
52.5,51.69,52.59,51.68,52.59
52.6,51.79,52.69,51.78,52.69
52.7,51.89,52.79,51.88,52.79
52.8,51.99,52.89,51.98,52.89
52.9,52.09,52.99,52.08,52.99
53.0,52.19,53.09,52.18,53.09
53.1,52.29,53.19,52.28,53.19
53.2,52.39,53.29,52.39,53.29
53.3,52.49,53.40,52.49,53.39
53.4,52.60,53.50,52.59,53.49
53.5,52.70,53.60,52.69,53.59
53.6,52.80,53.70,52.79,53.69
53.7,52.90,53.80,52.89,53.79
53.8,53.00,53.90,52.99,53.90
53.9,53.10,54.00,53.09,54.00
54.0,53.20,54.10,53.19,54.10
54.1,53.30,54.20,53.30,54.20
54.2,53.40,54.30,53.40,54.30
54.3,53.51,54.40,53.50,54.40
54.4,53.61,54.50,53.60,54.50
54.5,53.71,54.60,53.70,54.60
54.6,53.81,54.70,53.80,54.70
54.7,53.91,54.80,53.90,54.80
54.8,54.01,54.90,54.00,54.90
54.9,54.11,55.00,54.10,55.00
55.0,54.21,55.10,54.21,55.10
55.1,54.31,55.21,54.31,55.20
55.2,54.42,55.31,54.41,55.30
55.3,54.52,55.41,54.51,55.40
55.4,54.62,55.51,54.61,55.50
55.5,54.72,55.61,54.71,55.61
55.6,54.82,55.71,54.81,55.71
55.7,54.92,55.81,54.91,55.81
55.8,55.02,55.91,55.01,55.91
55.9,55.12,56.01,55.11,56.01
56.0,55.22,56.11,55.22,56.11
56.1,55.32,56.21,55.32,56.21
56.2,55.43,56.31,55.42,56.31
56.3,55.53,56.41,55.52,56.41
56.4,55.63,56.51,55.62,56.51
56.5,55.73,56.61,55.72,56.61
56.6,55.83,56.71,55.82,56.71
56.7,55.93,56.81,55.92,56.81
56.8,56.03,56.91,56.02,56.91
56.9,56.13,57.01,56.12,57.01
57.0,56.23,57.11,56.22,57.11
57.1,56.33,57.21,56.33,57.21
57.2,56.43,57.32,56.43,57.31
57.3,56.54,57.42,56.53,57.41
57.4,56.64,57.52,56.63,57.52
57.5,56.74,57.62,56.73,57.62
57.6,56.84,57.72,56.83,57.72
57.7,56.94,57.82,56.93,57.82
57.8,57.04,57.92,57.03,57.92
57.9,57.14,58.02,57.13,58.02
58.0,57.24,58.12,57.23,58.12
58.1,57.34,58.22,57.33,58.22
58.2,57.44,58.32,57.44,58.32
58.3,57.54,58.42,57.54,58.42
58.4,57.64,58.52,57.64,58.52
58.5,57.74,58.62,57.74,58.62
58.6,57.85,58.72,57.84,58.72
58.7,57.95,58.82,57.94,58.82
58.8,58.05,58.92,58.04,58.92
58.9,58.15,59.02,58.14,59.02
59.0,58.25,59.12,58.24,59.12
59.1,58.35,59.22,58.34,59.22
59.2,58.45,59.32,58.44,59.32
59.3,58.55,59.42,58.54,59.42
59.4,58.65,59.52,58.64,59.52
59.5,58.75,59.62,58.75,59.63
59.6,58.85,59.73,58.85,59.73
59.7,58.95,59.83,58.95,59.83
59.8,59.05,59.93,59.05,59.93
59.9,59.15,60.03,59.15,60.03
60.0,59.25,60.13,59.25,60.13
60.1,59.36,60.23,59.35,60.23
60.2,59.46,60.33,59.45,60.33
60.3,59.56,60.43,59.55,60.43
60.4,59.66,60.53,59.65,60.53
60.5,59.76,60.63,59.75,60.63
60.6,59.86,60.73,59.85,60.73
60.7,59.96,60.83,59.95,60.83
60.8,60.06,60.93,60.05,60.93
60.9,60.16,61.03,60.15,61.03
61.0,60.26,61.13,60.26,61.13
61.1,60.36,61.23,60.36,61.23
61.2,60.46,61.33,60.46,61.33
61.3,60.56,61.43,60.56,61.43
61.4,60.66,61.53,60.66,61.53
61.5,60.76,61.63,60.76,61.63
61.6,60.86,61.73,60.86,61.73
61.7,60.96,61.83,60.96,61.83
61.8,61.06,61.93,61.06,61.93
61.9,61.16,62.03,61.16,62.03
62.0,61.26,62.13,61.26,62.13
62.1,61.36,62.23,61.36,62.24
62.2,61.47,62.33,61.46,62.34
62.3,61.57,62.43,61.56,62.44
62.4,61.67,62.53,61.66,62.54
62.5,61.77,62.63,61.76,62.64
62.6,61.87,62.74,61.86,62.74
62.7,61.97,62.84,61.96,62.84
62.8,62.07,62.94,62.06,62.94
62.9,62.17,63.04,62.16,63.04
63.0,62.27,63.14,62.26,63.14
63.1,62.37,63.24,62.37,63.24
63.2,62.47,63.34,62.47,63.34
63.3,62.57,63.44,62.57,63.44
63.4,62.67,63.54,62.67,63.54
63.5,62.77,63.64,62.77,63.64
63.6,62.87,63.74,62.87,63.74
63.7,62.97,63.84,62.97,63.84
63.8,63.07,63.94,63.07,63.94
63.9,63.17,64.04,63.17,64.04
64.0,63.27,64.14,63.27,64.14
64.1,63.37,64.24,63.37,64.24
64.2,63.47,64.34,63.47,64.34
64.3,63.57,64.44,63.57,64.44
64.4,63.67,64.54,63.67,64.54
64.5,63.77,64.64,63.77,64.64
64.6,63.87,64.74,63.87,64.74
64.7,63.97,64.84,63.97,64.84
64.8,64.07,64.94,64.07,64.94
64.9,64.17,65.04,64.17,65.04
65.0,64.27,65.14,64.27,65.14
65.1,64.37,65.24,64.37,65.24
65.2,64.47,65.34,64.47,65.34
65.3,64.57,65.44,64.57,65.44
65.4,64.67,65.54,64.67,65.54
65.5,64.77,65.64,64.77,65.65
65.6,64.87,65.74,64.87,65.75
65.7,64.97,65.84,64.97,65.85
65.8,65.07,65.94,65.07,65.95
65.9,65.17,66.04,65.17,66.05
66.0,65.27,66.14,65.27,66.15
66.1,65.37,66.24,65.37,66.25
66.2,65.47,66.34,65.47,66.35
66.3,65.57,66.44,65.57,66.45
66.4,65.67,66.54,65.67,66.55
66.5,65.77,66.64,65.77,66.65
66.6,65.87,66.74,65.87,66.75
66.7,65.97,66.84,65.97,66.85
66.8,66.07,66.95,66.07,66.95
66.9,66.17,67.05,66.17,67.05
67.0,66.27,67.15,66.27,67.15
67.1,66.37,67.25,66.37,67.25
67.2,66.47,67.35,66.47,67.35
67.3,66.57,67.45,66.57,67.45
67.4,66.67,67.55,66.67,67.55
67.5,66.77,67.65,66.77,67.65
67.6,66.87,67.75,66.87,67.75
67.7,66.97,67.85,66.97,67.85
67.8,67.07,67.95,67.07,67.95
67.9,67.17,68.05,67.17,68.05
68.0,67.26,68.15,67.27,68.15
68.1,67.36,68.25,67.37,68.25
68.2,67.46,68.35,67.47,68.35
68.3,67.56,68.45,67.57,68.45
68.4,67.66,68.55,67.67,68.55
68.5,67.76,68.65,67.77,68.65
68.6,67.86,68.75,67.87,68.75
68.7,67.96,68.85,67.97,68.85
68.8,68.06,68.95,68.07,68.95
68.9,68.16,69.05,68.17,69.05
69.0,68.26,69.15,68.27,69.15
69.1,68.36,69.25,68.37,69.25
69.2,68.46,69.35,68.47,69.35
69.3,68.56,69.45,68.56,69.45
69.4,68.66,69.55,68.66,69.55
69.5,68.76,69.65,68.76,69.65
69.6,68.86,69.75,68.86,69.75
69.7,68.96,69.85,68.96,69.85
69.8,69.06,69.95,69.06,69.95
69.9,69.16,70.05,69.16,70.05
70.0,69.26,70.15,69.26,70.15
70.1,69.35,70.25,69.36,70.25
70.2,69.45,70.35,69.46,70.35
70.3,69.55,70.45,69.56,70.45
70.4,69.65,70.55,69.66,70.56
70.5,69.75,70.65,69.76,70.66
70.6,69.85,70.75,69.86,70.76
70.7,69.95,70.85,69.96,70.86
70.8,70.05,70.95,70.06,70.96
70.9,70.15,71.05,70.16,71.06
71.0,70.25,71.15,70.26,71.16
71.1,70.35,71.25,70.36,71.26
71.2,70.45,71.35,70.46,71.36
71.3,70.55,71.45,70.55,71.46
71.4,70.65,71.55,70.65,71.56
71.5,70.74,71.65,70.75,71.66
71.6,70.84,71.75,70.85,71.76
71.7,70.94,71.85,70.95,71.86
71.8,71.04,71.95,71.05,71.96
71.9,71.14,72.05,71.15,72.06
72.0,71.24,72.15,71.25,72.16
72.1,71.34,72.25,71.35,72.26
72.2,71.44,72.35,71.45,72.36
72.3,71.54,72.45,71.55,72.46
72.4,71.64,72.55,71.65,72.56
72.5,71.74,72.65,71.75,72.66
72.6,71.84,72.75,71.85,72.76
72.7,71.93,72.85,71.94,72.86
72.8,72.03,72.95,72.04,72.96
72.9,72.13,73.06,72.14,73.06
73.0,72.23,73.16,72.24,73.16
73.1,72.33,73.26,72.34,73.26
73.2,72.43,73.36,72.44,73.36
73.3,72.53,73.46,72.54,73.46
73.4,72.63,73.56,72.64,73.56
73.5,72.73,73.66,72.74,73.66
73.6,72.83,73.76,72.84,73.76
73.7,72.93,73.86,72.94,73.86
73.8,73.02,73.96,73.04,73.96
73.9,73.12,74.06,73.13,74.06
74.0,73.22,74.16,73.23,74.16
74.1,73.32,74.26,73.33,74.26
74.2,73.42,74.36,73.43,74.36
74.3,73.52,74.46,73.53,74.46
74.4,73.62,74.56,73.63,74.56
74.5,73.72,74.66,73.73,74.66
74.6,73.82,74.76,73.83,74.76
74.7,73.91,74.86,73.93,74.86
74.8,74.01,74.96,74.03,74.96
74.9,74.11,75.06,74.12,75.06
75.0,74.21,75.16,74.22,75.16
75.1,74.31,75.26,74.32,75.26
75.2,74.41,75.36,74.42,75.36
75.3,74.51,75.46,74.52,75.46
75.4,74.61,75.56,74.62,75.56
75.5,74.71,75.66,74.72,75.66
75.6,74.80,75.76,74.82,75.76
75.7,74.90,75.86,74.92,75.86
75.8,75.00,75.96,75.01,75.96
75.9,75.10,76.06,75.11,76.06
76.0,75.20,76.16,75.21,76.16
76.1,75.30,76.26,75.31,76.26
76.2,75.40,76.36,75.41,76.36
76.3,75.50,76.46,75.51,76.46
76.4,75.60,76.56,75.61,76.56
76.5,75.69,76.66,75.71,76.66
76.6,75.79,76.76,75.81,76.76
76.7,75.89,76.86,75.90,76.86
76.8,75.99,76.96,76.00,76.96
76.9,76.09,77.06,76.10,77.06
77.0,76.19,77.16,76.20,77.17
77.1,76.29,77.26,76.30,77.27
77.2,76.39,77.36,76.40,77.37
77.3,76.48,77.46,76.50,77.47
77.4,76.58,77.56,76.60,77.57
77.5,76.68,77.66,76.69,77.67
77.6,76.78,77.76,76.79,77.77
77.7,76.88,77.86,76.89,77.87
77.8,76.98,77.96,76.99,77.97
77.9,77.08,78.06,77.09,78.07
78.0,77.18,78.16,77.19,78.17
78.1,77.27,78.26,77.29,78.27
78.2,77.37,78.36,77.39,78.37
78.3,77.47,78.47,77.48,78.47
78.4,77.57,78.57,77.58,78.57
78.5,77.67,78.67,77.68,78.67
78.6,77.77,78.77,77.78,78.77
78.7,77.87,78.87,77.88,78.87
78.8,77.96,78.97,77.98,78.97
78.9,78.06,79.07,78.08,79.07
79.0,78.16,79.17,78.18,79.17
79.1,78.26,79.27,78.27,79.27
79.2,78.36,79.37,78.37,79.37
79.3,78.46,79.47,78.47,79.47
79.4,78.56,79.57,78.57,79.57
79.5,78.66,79.67,78.67,79.67
79.6,78.75,79.77,78.77,79.77
79.7,78.85,79.87,78.87,79.87
79.8,78.95,79.97,78.96,79.97
79.9,79.05,80.07,79.06,80.07
80.0,79.15,80.17,79.16,80.17
80.1,79.25,80.27,79.26,80.27
80.2,79.35,80.37,79.36,80.37
80.3,79.44,80.47,79.46,80.47
80.4,79.54,80.57,79.56,80.57
80.5,79.64,80.67,79.66,80.67
80.6,79.74,80.77,79.75,80.77
80.7,79.84,80.87,79.85,80.87
80.8,79.94,80.97,79.95,80.97
80.9,80.04,81.07,80.05,81.07
81.0,80.14,81.17,80.15,81.17
81.1,80.23,81.27,80.25,81.27
81.2,80.33,81.37,80.35,81.37
81.3,80.43,81.47,80.44,81.47
81.4,80.53,81.57,80.54,81.57
81.5,80.63,81.67,80.64,81.67
81.6,80.73,81.77,80.74,81.77
81.7,80.83,81.87,80.84,81.87
81.8,80.93,81.97,80.94,81.97
81.9,81.02,82.07,81.04,82.08
82.0,81.12,82.18,81.14,82.18
82.1,81.22,82.28,81.23,82.28
82.2,81.32,82.38,81.33,82.38
82.3,81.42,82.48,81.43,82.48
82.4,81.52,82.58,81.53,82.58
82.5,81.62,82.68,81.63,82.68
82.6,81.72,82.78,81.73,82.78
82.7,81.81,82.88,81.83,82.88
82.8,81.91,82.98,81.92,82.98
82.9,82.01,83.08,82.02,83.08
83.0,82.11,83.18,82.12,83.18
83.1,82.21,83.28,82.22,83.28
83.2,82.31,83.38,82.32,83.38
83.3,82.41,83.48,82.42,83.48
83.4,82.51,83.58,82.52,83.58
83.5,82.60,83.68,82.62,83.68
83.6,82.70,83.78,82.72,83.78
83.7,82.80,83.88,82.81,83.88
83.8,82.90,83.98,82.91,83.98
83.9,83.00,84.08,83.01,84.08
84.0,83.10,84.18,83.11,84.18
84.1,83.20,84.28,83.21,84.28
84.2,83.30,84.38,83.31,84.38
84.3,83.40,84.48,83.41,84.48
84.4,83.49,84.58,83.51,84.58
84.5,83.59,84.68,83.60,84.68
84.6,83.69,84.78,83.70,84.78
84.7,83.79,84.88,83.80,84.88
84.8,83.89,84.98,83.90,84.98
84.9,83.99,85.09,84.00,85.08
85.0,84.09,85.19,84.10,85.18
85.1,84.19,85.29,84.20,85.28
85.2,84.29,85.39,84.30,85.38
85.3,84.39,85.49,84.40,85.49
85.4,84.49,85.59,84.50,85.59
85.5,84.58,85.69,84.59,85.69
85.6,84.68,85.79,84.69,85.79
85.7,84.78,85.89,84.79,85.89
85.8,84.88,85.99,84.89,85.99
85.9,84.98,86.09,84.99,86.09
86.0,85.08,86.19,85.09,86.19
86.1,85.18,86.29,85.19,86.29
86.2,85.28,86.39,85.29,86.39
86.3,85.38,86.49,85.39,86.49
86.4,85.48,86.59,85.49,86.59
86.5,85.58,86.69,85.59,86.69
86.6,85.68,86.79,85.69,86.79
86.7,85.78,86.89,85.79,86.89
86.8,85.87,86.99,85.88,86.99
86.9,85.97,87.09,85.98,87.09
87.0,86.07,87.19,86.08,87.19
87.1,86.17,87.29,86.18,87.29
87.2,86.27,87.39,86.28,87.39
87.3,86.37,87.49,86.38,87.49
87.4,86.47,87.59,86.48,87.59
87.5,86.57,87.69,86.58,87.69
87.6,86.67,87.80,86.68,87.79
87.7,86.77,87.90,86.78,87.89
87.8,86.87,88.00,86.88,87.99
87.9,86.97,88.10,86.98,88.09
88.0,87.07,88.20,87.08,88.19
88.1,87.17,88.30,87.18,88.29
88.2,87.27,88.40,87.28,88.40
88.3,87.37,88.50,87.38,88.50
88.4,87.47,88.60,87.48,88.60
88.5,87.57,88.70,87.58,88.70
88.6,87.67,88.80,87.68,88.80
88.7,87.77,88.90,87.78,88.90
88.8,87.87,89.00,87.88,89.00
88.9,87.97,89.10,87.98,89.10
89.0,88.07,89.20,88.08,89.20
89.1,88.17,89.30,88.18,89.30
89.2,88.27,89.40,88.28,89.40
89.3,88.37,89.50,88.38,89.50
89.4,88.47,89.60,88.48,89.60
89.5,88.57,89.70,88.58,89.70
89.6,88.67,89.80,88.68,89.80
89.7,88.77,89.90,88.78,89.90
89.8,88.87,90.00,88.88,90.00
89.9,88.97,90.10,88.98,90.10
90.0,89.07,90.20,89.08,90.20
90.1,89.17,90.30,89.18,90.30
90.2,89.27,90.40,89.28,90.40
90.3,89.37,90.50,89.38,90.50
90.4,89.47,90.61,89.48,90.60
90.5,89.57,90.71,89.58,90.70
90.6,89.67,90.81,89.68,90.80
90.7,89.77,90.91,89.79,90.90
90.8,89.88,91.01,89.89,91.00
90.9,89.98,91.11,89.99,91.10
91.0,90.08,91.21,90.09,91.21
91.1,90.18,91.31,90.19,91.31
91.2,90.28,91.41,90.29,91.41
91.3,90.38,91.51,90.39,91.51
91.4,90.48,91.61,90.49,91.61
91.5,90.58,91.71,90.59,91.71
91.6,90.68,91.81,90.69,91.81
91.7,90.78,91.91,90.80,91.91
91.8,90.88,92.01,90.90,92.01
91.9,90.99,92.11,91.00,92.11
92.0,91.09,92.21,91.10,92.21
92.1,91.19,92.31,91.20,92.31
92.2,91.29,92.41,91.30,92.41
92.3,91.39,92.51,91.41,92.51
92.4,91.49,92.61,91.51,92.61
92.5,91.59,92.71,91.61,92.71
92.6,91.70,92.81,91.71,92.81
92.7,91.80,92.91,91.81,92.91
92.8,91.90,93.01,91.92,93.01
92.9,92.00,93.11,92.02,93.11
93.0,92.10,93.21,92.12,93.21
93.1,92.21,93.31,92.22,93.31
93.2,92.31,93.41,92.32,93.41
93.3,92.41,93.51,92.43,93.51
93.4,92.51,93.61,92.53,93.61
93.5,92.61,93.71,92.63,93.71
93.6,92.72,93.81,92.73,93.81
93.7,92.82,93.91,92.84,93.91
93.8,92.92,94.01,92.94,94.01
93.9,93.02,94.11,93.04,94.11
94.0,93.13,94.21,93.15,94.21
94.1,93.23,94.31,93.25,94.31
94.2,93.33,94.41,93.35,94.41
94.3,93.43,94.51,93.45,94.51
94.4,93.54,94.61,93.56,94.61
94.5,93.64,94.71,93.66,94.72
94.6,93.74,94.81,93.76,94.82
94.7,93.84,94.91,93.87,94.92
94.8,93.95,95.01,93.97,95.02
94.9,94.05,95.11,94.08,95.12
95.0,94.15,95.21,94.18,95.22
95.1,94.26,95.31,94.28,95.32
95.2,94.36,95.41,94.39,95.42
95.3,94.46,95.51,94.49,95.52
95.4,94.57,95.61,94.59,95.62
95.5,94.67,95.71,94.70,95.72
95.6,94.77,95.81,94.80,95.82
95.7,94.88,95.91,94.91,95.92
95.8,94.98,96.01,95.01,96.02
95.9,95.09,96.11,95.12,96.12
96.0,95.19,96.21,95.22,96.22
96.1,95.29,96.31,95.33,96.32
96.2,95.40,96.41,95.43,96.42
96.3,95.50,96.51,95.54,96.52
96.4,95.61,96.61,95.64,96.62
96.5,95.71,96.71,95.75,96.72
96.6,95.82,96.81,95.85,96.82
96.7,95.92,96.91,95.96,96.92
96.8,96.03,97.01,96.06,97.02
96.9,96.13,97.11,96.17,97.12
97.0,96.23,97.21,96.27,97.22
