1.0,2.28,2.59,2.28,2.59,2.28,2.59,2.28,2.59
1.1,2.37,2.68,2.37,2.68,2.37,2.68,2.37,2.68
1.2,2.46,2.78,2.46,2.78,2.46,2.78,2.46,2.78
1.3,2.55,2.87,2.55,2.87,2.55,2.87,2.55,2.87
1.4,2.63,2.97,2.63,2.97,2.63,2.97,2.63,2.97
1.5,2.72,3.06,2.72,3.06,2.72,3.06,2.72,3.06
1.6,2.81,3.16,2.81,3.16,2.81,3.16,2.81,3.16
1.7,2.90,3.25,2.90,3.25,2.90,3.25,2.90,3.25
1.8,2.99,3.35,2.99,3.35,2.99,3.35,2.99,3.35
1.9,3.07,3.44,3.07,3.44,3.07,3.44,3.07,3.44
2.0,3.16,3.54,3.16,3.54,3.16,3.54,3.16,3.54
2.1,3.25,3.63,3.25,3.63,3.25,3.63,3.25,3.63
2.2,3.34,3.73,3.34,3.73,3.34,3.73,3.34,3.73
2.3,3.43,3.82,3.43,3.82,3.43,3.82,3.43,3.82
2.4,3.51,3.92,3.51,3.92,3.51,3.92,3.51,3.92
2.5,3.60,4.01,3.60,4.01,3.60,4.01,3.60,4.01
2.6,3.69,4.10,3.69,4.10,3.69,4.10,3.69,4.10
2.7,3.78,4.20,3.78,4.20,3.78,4.20,3.78,4.20
2.8,3.87,4.29,3.87,4.29,3.87,4.29,3.87,4.29
2.9,3.96,4.39,3.96,4.39,3.96,4.39,3.96,4.39
3.0,4.05,4.48,4.05,4.48,4.05,4.48,4.05,4.48
3.1,4.13,4.58,4.13,4.58,4.13,4.58,4.13,4.58
3.2,4.22,4.67,4.22,4.67,4.22,4.67,4.22,4.67
3.3,4.31,4.77,4.31,4.77,4.31,4.77,4.31,4.77
3.4,4.40,4.86,4.40,4.86,4.40,4.86,4.40,4.86
3.5,4.49,4.96,4.49,4.96,4.49,4.96,4.49,4.96
3.6,4.58,5.05,4.58,5.05,4.58,5.05,4.58,5.05
3.7,4.67,5.15,4.67,5.15,4.67,5.15,4.67,5.15
3.8,4.76,5.24,4.76,5.24,4.76,5.24,4.76,5.24
3.9,4.85,5.34,4.85,5.34,4.85,5.34,4.85,5.34
4.0,4.94,5.43,4.94,5.43,4.94,5.43,4.94,5.43
4.1,5.02,5.53,5.02,5.53,5.02,5.53,5.02,5.53
4.2,5.11,5.62,5.11,5.62,5.11,5.62,5.11,5.62
4.3,5.20,5.72,5.20,5.72,5.20,5.72,5.20,5.72
4.4,5.29,5.81,5.29,5.81,5.29,5.81,5.29,5.81
4.5,5.38,5.90,5.38,5.90,5.38,5.90,5.38,5.90
4.6,5.47,6.00,5.47,6.00,5.47,6.00,5.47,6.00
4.7,5.56,6.09,5.56,6.09,5.56,6.09,5.56,6.09
4.8,5.65,6.19,5.65,6.19,5.65,6.19,5.65,6.19
4.9,5.74,6.28,5.74,6.28,5.74,6.28,5.74,6.28
5.0,5.83,6.38,5.83,6.38,5.83,6.38,5.83,6.38
5.1,5.92,6.47,5.92,6.47,5.92,6.47,5.92,6.47
5.2,6.01,6.57,6.01,6.57,6.01,6.57,6.01,6.57
5.3,6.10,6.66,6.10,6.66,6.10,6.66,6.10,6.66
5.4,6.19,6.76,6.19,6.76,6.19,6.76,6.19,6.76
5.5,6.28,6.85,6.28,6.85,6.28,6.85,6.28,6.85
5.6,6.37,6.95,6.37,6.95,6.37,6.95,6.37,6.95
5.7,6.46,7.04,6.46,7.04,6.46,7.04,6.46,7.04
5.8,6.55,7.14,6.55,7.14,6.55,7.14,6.55,7.14
5.9,6.64,7.23,6.64,7.23,6.64,7.23,6.64,7.23
6.0,6.73,7.33,6.73,7.33,6.73,7.33,6.73,7.33
6.1,6.82,7.42,6.82,7.42,6.82,7.42,6.82,7.42
6.2,6.91,7.51,6.91,7.51,6.91,7.51,6.91,7.51
6.3,7.00,7.61,7.00,7.61,7.00,7.61,7.00,7.61
6.4,7.09,7.70,7.09,7.70,7.09,7.70,7.09,7.70
6.5,7.18,7.80,7.18,7.80,7.18,7.80,7.18,7.80
6.6,7.27,7.89,7.27,7.89,7.27,7.89,7.27,7.89
6.7,7.36,7.99,7.36,7.99,7.36,7.99,7.36,7.99
6.8,7.45,8.08,7.45,8.08,7.45,8.08,7.45,8.08
6.9,7.54,8.18,7.54,8.18,7.54,8.18,7.54,8.18
7.0,7.64,8.27,7.64,8.27,7.64,8.27,7.64,8.27
7.1,7.73,8.37,7.73,8.37,7.73,8.37,7.73,8.37
7.2,7.82,8.46,7.82,8.46,7.82,8.46,7.82,8.46
7.3,7.91,8.56,7.91,8.56,7.91,8.56,7.91,8.56
7.4,8.00,8.65,8.00,8.65,8.00,8.65,8.00,8.65
7.5,8.09,8.75,8.09,8.75,8.09,8.75,8.09,8.75
7.6,8.18,8.84,8.18,8.84,8.18,8.84,8.18,8.84
7.7,8.27,8.94,8.27,8.94,8.27,8.94,8.27,8.94
7.8,8.36,9.03,8.36,9.03,8.36,9.03,8.36,9.03
7.9,8.45,9.13,8.45,9.13,8.45,9.13,8.45,9.13
8.0,8.55,9.22,8.55,9.22,8.55,9.22,8.55,9.22
8.1,8.64,9.31,8.64,9.31,8.64,9.31,8.64,9.31
8.2,8.73,9.41,8.73,9.41,8.73,9.41,8.73,9.41
8.3,8.82,9.50,8.82,9.50,8.82,9.50,8.82,9.50
8.4,8.91,9.60,8.91,9.60,8.91,9.60,8.91,9.60
8.5,9.00,9.69,9.00,9.69,9.00,9.69,9.00,9.69
8.6,9.09,9.79,9.09,9.79,9.09,9.79,9.09,9.79
8.7,9.18,9.88,9.18,9.88,9.18,9.88,9.18,9.88
8.8,9.28,9.98,9.28,9.98,9.28,9.98,9.28,9.98
8.9,9.37,10.07,9.37,10.07,9.37,10.07,9.37,10.07
9.0,9.46,10.17,9.46,10.17,9.46,10.17,9.46,10.17
9.1,9.55,10.26,9.55,10.26,9.55,10.26,9.55,10.26
9.2,9.64,10.36,9.64,10.36,9.64,10.36,9.64,10.36
9.3,9.73,10.45,9.73,10.45,9.73,10.45,9.73,10.45
9.4,9.83,10.55,9.83,10.55,9.83,10.55,9.83,10.55
9.5,9.92,10.64,9.92,10.64,9.92,10.64,9.92,10.64
9.6,10.01,10.74,10.01,10.74,10.01,10.74,10.01,10.74
9.7,10.10,10.83,10.10,10.83,10.10,10.83,10.10,10.83
9.8,10.19,10.93,10.19,10.93,10.19,10.93,10.19,10.93
9.9,10.29,11.02,10.29,11.02,10.29,11.02,10.29,11.02
10.0,10.38,11.11,10.38,11.11,10.38,11.11,10.38,11.11
10.1,10.47,11.21,10.47,11.21,10.47,11.21,10.47,11.21
10.2,10.56,11.30,10.56,11.30,10.56,11.30,10.56,11.30
10.3,10.65,11.40,10.65,11.40,10.65,11.40,10.65,11.40
10.4,10.75,11.49,10.75,11.49,10.75,11.49,10.75,11.49
10.5,10.84,11.59,10.84,11.59,10.84,11.59,10.84,11.59
10.6,10.93,11.68,10.93,11.68,10.93,11.68,10.93,11.68
10.7,11.02,11.78,11.02,11.78,11.02,11.78,11.02,11.78
10.8,11.11,11.87,11.11,11.87,11.11,11.87,11.11,11.87
10.9,11.21,11.97,11.21,11.97,11.21,11.97,11.21,11.97
11.0,11.30,12.06,11.30,12.06,11.30,12.06,11.30,12.06
11.1,11.39,12.16,11.39,12.16,11.39,12.16,11.39,12.16
11.2,11.48,12.25,11.48,12.25,11.48,12.25,11.48,12.25
11.3,11.58,12.35,11.58,12.35,11.58,12.35,11.58,12.35
11.4,11.67,12.44,11.67,12.44,11.67,12.44,11.67,12.44
11.5,11.76,12.54,11.76,12.54,11.76,12.54,11.76,12.54
11.6,11.85,12.63,11.85,12.63,11.85,12.63,11.85,12.63
11.7,11.95,12.73,11.95,12.73,11.95,12.73,11.95,12.73
11.8,12.04,12.82,12.04,12.82,12.04,12.82,12.04,12.82
11.9,12.13,12.92,12.13,12.92,12.13,12.92,12.13,12.92
12.0,12.22,13.01,12.22,13.01,12.22,13.01,12.22,13.01
12.1,12.32,13.10,12.32,13.10,12.32,13.10,12.32,13.10
12.2,12.41,13.20,12.41,13.20,12.41,13.20,12.41,13.20
12.3,12.50,13.29,12.50,13.29,12.50,13.29,12.50,13.29
12.4,12.59,13.39,12.59,13.39,12.59,13.39,12.59,13.39
12.5,12.69,13.48,12.69,13.48,12.69,13.48,12.69,13.48
12.6,12.78,13.58,12.78,13.58,12.78,13.58,12.78,13.58
12.7,12.87,13.67,12.87,13.67,12.87,13.67,12.87,13.67
12.8,12.97,13.77,12.97,13.77,12.97,13.77,12.97,13.77
12.9,13.06,13.86,13.06,13.86,13.06,13.86,13.06,13.86
13.0,13.15,13.96,13.15,13.96,13.15,13.96,13.15,13.96
13.1,13.24,14.05,13.24,14.05,13.24,14.05,13.24,14.05
13.2,13.34,14.15,13.34,14.15,13.34,14.15,13.34,14.15
13.3,13.43,14.24,13.43,14.24,13.43,14.24,13.43,14.24
13.4,13.52,14.34,13.52,14.34,13.52,14.34,13.52,14.34
13.5,13.62,14.43,13.62,14.43,13.62,14.43,13.62,14.43
13.6,13.71,14.53,13.71,14.53,13.71,14.53,13.71,14.53
13.7,13.80,14.62,13.80,14.62,13.80,14.62,13.80,14.62
13.8,13.90,14.72,13.90,14.72,13.90,14.72,13.90,14.72
13.9,13.99,14.81,13.99,14.81,13.99,14.81,13.99,14.81
14.0,14.08,14.91,14.08,14.91,14.08,14.91,14.08,14.91
14.1,14.18,15.00,14.18,15.00,14.18,15.00,14.18,15.00
14.2,14.27,15.10,14.27,15.10,14.27,15.10,14.27,15.10
14.3,14.36,15.19,14.36,15.19,14.36,15.19,14.36,15.19
14.4,14.46,15.29,14.46,15.29,14.46,15.29,14.46,15.29
14.5,14.55,15.38,14.55,15.38,14.55,15.38,14.55,15.38
14.6,14.64,15.48,14.64,15.48,14.64,15.48,14.64,15.48
14.7,14.74,15.57,14.74,15.57,14.74,15.57,14.74,15.57
14.8,14.83,15.67,14.83,15.67,14.83,15.67,14.83,15.67
14.9,14.92,15.76,14.92,15.76,14.92,15.76,14.92,15.76
15.0,15.02,15.86,15.02,15.86,15.02,15.86,15.02,15.86
15.1,15.11,15.95,15.11,15.95,15.11,15.95,15.11,15.95
15.2,15.20,16.04,15.20,16.04,15.20,16.04,15.20,16.04
15.3,15.30,16.14,15.30,16.14,15.30,16.14,15.30,16.14
15.4,15.39,16.23,15.39,16.23,15.39,16.23,15.39,16.23
15.5,15.48,16.33,15.48,16.33,15.48,16.33,15.48,16.33
15.6,15.58,16.42,15.58,16.42,15.58,16.42,15.58,16.42
15.7,15.67,16.52,15.67,16.52,15.67,16.52,15.67,16.52
15.8,15.77,16.61,15.77,16.61,15.77,16.61,15.77,16.61
15.9,15.86,16.71,15.86,16.71,15.86,16.71,15.86,16.71
16.0,15.95,16.80,15.95,16.80,15.95,16.80,15.95,16.80
16.1,16.05,16.90,16.05,16.90,16.05,16.90,16.05,16.90
16.2,16.14,16.99,16.14,16.99,16.14,16.99,16.14,16.99
16.3,16.23,17.09,16.23,17.09,16.23,17.09,16.23,17.09
16.4,16.33,17.18,16.33,17.18,16.33,17.18,16.33,17.18
16.5,16.42,17.28,16.42,17.28,16.42,17.28,16.42,17.28
16.6,16.52,17.37,16.52,17.37,16.52,17.37,16.52,17.37
16.7,16.61,17.47,16.61,17.47,16.61,17.47,16.61,17.47
16.8,16.70,17.56,16.70,17.56,16.70,17.56,16.70,17.56
16.9,16.80,17.66,16.80,17.66,16.80,17.66,16.80,17.66
17.0,16.89,17.75,16.89,17.75,16.89,17.75,16.89,17.75
17.1,16.98,17.85,16.98,17.85,16.98,17.85,16.98,17.85
17.2,17.08,17.94,17.08,17.94,17.08,17.94,17.08,17.94
17.3,17.17,18.04,17.17,18.04,17.17,18.04,17.17,18.04
17.4,17.27,18.13,17.27,18.13,17.27,18.13,17.27,18.13
17.5,17.36,18.23,17.36,18.23,17.36,18.23,17.36,18.23
17.6,17.46,18.32,17.46,18.32,17.46,18.32,17.46,18.32
17.7,17.55,18.42,17.55,18.42,17.55,18.42,17.55,18.42
17.8,17.64,18.51,17.64,18.51,17.64,18.51,17.64,18.51
17.9,17.74,18.61,17.74,18.61,17.74,18.61,17.74,18.61
18.0,17.83,18.70,17.83,18.70,17.83,18.70,17.83,18.70
18.1,17.93,18.80,17.93,18.80,17.93,18.80,17.93,18.80
18.2,18.02,18.89,18.02,18.89,18.02,18.89,18.02,18.89
18.3,18.11,18.99,18.11,18.99,18.11,18.99,18.11,18.99
18.4,18.21,19.08,18.21,19.08,18.21,19.08,18.21,19.08
18.5,18.30,19.18,18.30,19.18,18.30,19.18,18.30,19.18
18.6,18.40,19.27,18.40,19.27,18.40,19.27,18.40,19.27
18.7,18.49,19.37,18.49,19.37,18.49,19.37,18.49,19.37
18.8,18.59,19.46,18.59,19.46,18.59,19.46,18.59,19.46
18.9,18.68,19.56,18.68,19.56,18.68,19.56,18.68,19.56
19.0,18.77,19.65,18.77,19.65,18.77,19.65,18.77,19.65
19.1,18.87,19.75,18.87,19.75,18.87,19.75,18.87,19.75
19.2,18.96,19.84,18.96,19.84,18.96,19.84,18.96,19.84
19.3,19.06,19.94,19.06,19.94,19.06,19.94,19.06,19.94
19.4,19.15,20.03,19.15,20.03,19.15,20.03,19.15,20.03
19.5,19.25,20.13,19.25,20.13,19.25,20.13,19.25,20.13
19.6,19.34,20.22,19.34,20.22,19.34,20.22,19.34,20.22
19.7,19.43,20.32,19.43,20.32,19.43,20.32,19.43,20.32
19.8,19.53,20.41,19.53,20.41,19.53,20.41,19.53,20.41
19.9,19.62,20.51,19.62,20.51,19.62,20.51,19.62,20.51
20.0,19.72,20.60,19.72,20.60,19.72,20.60,19.72,20.60
20.1,19.81,20.70,19.81,20.70,19.81,20.70,19.81,20.70
20.2,19.91,20.79,19.91,20.79,19.91,20.79,19.91,20.79
20.3,20.00,20.89,20.00,20.89,20.00,20.89,20.00,20.89
20.4,20.10,20.98,20.10,20.98,20.10,20.98,20.10,20.98
20.5,20.19,21.08,20.19,21.08,20.19,21.08,20.19,21.08
20.6,20.29,21.17,20.29,21.17,20.29,21.17,20.29,21.17
20.7,20.38,21.27,20.38,21.27,20.38,21.27,20.38,21.27
20.8,20.47,21.36,20.47,21.36,20.47,21.36,20.47,21.36
20.9,20.57,21.46,20.57,21.46,20.57,21.46,20.57,21.46
21.0,20.66,21.55,20.66,21.55,20.66,21.55,20.66,21.55
21.1,20.76,21.65,20.76,21.65,20.76,21.65,20.76,21.65
21.2,20.85,21.74,20.85,21.74,20.85,21.74,20.85,21.74
21.3,20.95,21.84,20.95,21.84,20.95,21.84,20.95,21.84
21.4,21.04,21.93,21.04,21.93,21.04,21.93,21.04,21.93
21.5,21.14,22.03,21.14,22.03,21.14,22.03,21.14,22.03
21.6,21.23,22.12,21.23,22.12,21.23,22.12,21.23,22.12
21.7,21.33,22.22,21.33,22.22,21.33,22.22,21.33,22.22
21.8,21.42,22.31,21.42,22.31,21.42,22.31,21.42,22.31
21.9,21.52,22.41,21.52,22.41,21.52,22.41,21.52,22.41
22.0,21.61,22.50,21.61,22.50,21.61,22.50,21.61,22.50
22.1,21.71,22.60,21.71,22.60,21.71,22.60,21.71,22.60
22.2,21.80,22.69,21.80,22.69,21.80,22.69,21.80,22.69
22.3,21.90,22.79,21.90,22.79,21.90,22.79,21.90,22.79
22.4,21.99,22.88,21.99,22.88,21.99,22.88,21.99,22.88
22.5,22.09,22.98,22.09,22.98,22.09,22.98,22.09,22.98
22.6,22.18,23.07,22.18,23.07,22.18,23.07,22.18,23.07
22.7,22.28,23.17,22.28,23.17,22.28,23.17,22.28,23.17
22.8,22.37,23.26,22.37,23.26,22.37,23.26,22.37,23.26
22.9,22.46,23.36,22.46,23.36,22.46,23.36,22.46,23.36
23.0,22.56,23.45,22.56,23.45,22.56,23.45,22.56,23.45
23.1,22.65,23.55,22.65,23.55,22.65,23.55,22.65,23.55
23.2,22.75,23.64,22.75,23.64,22.75,23.64,22.75,23.64
23.3,22.84,23.74,22.84,23.74,22.84,23.74,22.84,23.74
23.4,22.94,23.83,22.94,23.83,22.94,23.83,22.94,23.83
23.5,23.03,23.93,23.03,23.93,23.03,23.93,23.03,23.93
23.6,23.13,24.02,23.13,24.02,23.13,24.02,23.13,24.02
23.7,23.22,24.12,23.22,24.12,23.22,24.12,23.22,24.12
23.8,23.32,24.21,23.32,24.21,23.32,24.21,23.32,24.21
23.9,23.41,24.31,23.41,24.31,23.41,24.31,23.41,24.31
24.0,23.51,24.40,23.51,24.40,23.51,24.40,23.51,24.40
24.1,23.60,24.50,23.60,24.50,23.60,24.50,23.60,24.50
24.2,23.70,24.59,23.70,24.59,23.70,24.59,23.70,24.59
24.3,23.79,24.69,23.79,24.69,23.79,24.69,23.79,24.69
24.4,23.89,24.78,23.89,24.78,23.89,24.78,23.89,24.78
24.5,23.98,24.88,23.98,24.88,23.98,24.88,23.98,24.88
24.6,24.08,24.98,24.08,24.98,24.08,24.98,24.08,24.98
24.7,24.17,25.07,24.17,25.07,24.17,25.07,24.17,25.07
24.8,24.27,25.17,24.27,25.17,24.27,25.17,24.27,25.17
24.9,24.37,25.26,24.37,25.26,24.37,25.26,24.37,25.26
25.0,24.46,25.36,24.46,25.36,24.46,25.36,24.46,25.36
25.1,24.56,25.45,24.56,25.45,24.56,25.45,24.56,25.45
25.2,24.65,25.55,24.65,25.55,24.65,25.55,24.65,25.55
25.3,24.75,25.64,24.75,25.64,24.75,25.64,24.75,25.64
25.4,24.84,25.74,24.84,25.74,24.84,25.74,24.84,25.74
25.5,24.94,25.83,24.94,25.83,24.94,25.83,24.94,25.83
25.6,25.03,25.93,25.03,25.93,25.03,25.93,25.03,25.93
25.7,25.13,26.02,25.13,26.02,25.13,26.02,25.13,26.02
25.8,25.22,26.12,25.22,26.12,25.22,26.12,25.22,26.12
25.9,25.32,26.21,25.32,26.21,25.32,26.21,25.32,26.21
26.0,25.41,26.31,25.41,26.31,25.41,26.31,25.41,26.31
26.1,25.51,26.40,25.51,26.40,25.51,26.40,25.51,26.40
26.2,25.60,26.50,25.60,26.50,25.60,26.50,25.60,26.50
26.3,25.70,26.59,25.70,26.59,25.70,26.59,25.70,26.59
26.4,25.79,26.69,25.79,26.69,25.79,26.69,25.79,26.69
26.5,25.89,26.78,25.89,26.78,25.89,26.78,25.89,26.78
26.6,25.98,26.88,25.98,26.88,25.98,26.88,25.98,26.88
26.7,26.08,26.97,26.08,26.97,26.08,26.97,26.08,26.97
26.8,26.17,27.07,26.17,27.07,26.17,27.07,26.17,27.07
26.9,26.27,27.16,26.27,27.16,26.27,27.16,26.27,27.16
27.0,26.36,27.26,26.36,27.26,26.36,27.26,26.36,27.26
27.1,26.46,27.35,26.46,27.35,26.46,27.35,26.46,27.35
27.2,26.56,27.45,26.56,27.45,26.56,27.45,26.56,27.45
27.3,26.65,27.54,26.65,27.54,26.65,27.54,26.65,27.54
27.4,26.75,27.64,26.75,27.64,26.75,27.64,26.75,27.64
27.5,26.84,27.74,26.84,27.74,26.84,27.74,26.84,27.74
27.6,26.94,27.83,26.94,27.83,26.94,27.83,26.94,27.83
27.7,27.03,27.93,27.03,27.93,27.03,27.93,27.03,27.93
27.8,27.13,28.02,27.13,28.02,27.13,28.02,27.13,28.02
27.9,27.22,28.12,27.22,28.12,27.22,28.12,27.22,28.12
28.0,27.32,28.21,27.32,28.21,27.32,28.21,27.32,28.21
28.1,27.41,28.31,27.41,28.31,27.41,28.31,27.41,28.31
28.2,27.51,28.40,27.51,28.40,27.51,28.40,27.51,28.40
28.3,27.60,28.50,27.60,28.50,27.60,28.50,27.60,28.50
28.4,27.70,28.59,27.70,28.59,27.70,28.59,27.70,28.59
28.5,27.79,28.69,27.79,28.69,27.79,28.69,27.79,28.69
28.6,27.89,28.78,27.89,28.78,27.89,28.78,27.89,28.78
28.7,27.99,28.88,27.99,28.88,27.99,28.88,27.99,28.88
28.8,28.08,28.97,28.08,28.97,28.08,28.97,28.08,28.97
28.9,28.18,29.07,28.18,29.07,28.18,29.07,28.18,29.07
29.0,28.27,29.16,28.27,29.16,28.27,29.16,28.27,29.16
29.1,28.37,29.26,28.37,29.26,28.37,29.26,28.37,29.26
29.2,28.46,29.35,28.46,29.35,28.46,29.35,28.46,29.35
29.3,28.56,29.45,28.56,29.45,28.56,29.45,28.56,29.45
29.4,28.65,29.54,28.65,29.54,28.65,29.54,28.65,29.54
29.5,28.75,29.64,28.75,29.64,28.75,29.64,28.75,29.64
29.6,28.84,29.74,28.84,29.74,28.84,29.74,28.84,29.74
29.7,28.94,29.83,28.94,29.83,28.94,29.83,28.94,29.83
29.8,29.04,29.93,29.04,29.93,29.04,29.93,29.04,29.93
29.9,29.13,30.02,29.13,30.02,29.13,30.02,29.13,30.02
30.0,29.23,30.12,29.23,30.12,29.23,30.12,29.23,30.12
30.1,29.32,30.21,29.32,30.21,29.32,30.21,29.32,30.21
30.2,29.42,30.31,29.42,30.31,29.42,30.31,29.42,30.31
30.3,29.51,30.40,29.51,30.40,29.51,30.40,29.51,30.40
30.4,29.61,30.50,29.61,30.50,29.61,30.50,29.61,30.50
30.5,29.70,30.59,29.70,30.59,29.70,30.59,29.70,30.59
30.6,29.80,30.69,29.80,30.69,29.80,30.69,29.80,30.69
30.7,29.89,30.78,29.89,30.78,29.89,30.78,29.89,30.78
30.8,29.99,30.88,29.99,30.88,29.99,30.88,29.99,30.88
30.9,30.09,30.97,30.09,30.97,30.09,30.97,30.09,30.97
31.0,30.18,31.07,30.18,31.07,30.18,31.07,30.18,31.07
31.1,30.28,31.16,30.28,31.16,30.28,31.16,30.28,31.16
31.2,30.37,31.26,30.37,31.26,30.37,31.26,30.37,31.26
31.3,30.47,31.36,30.47,31.36,30.47,31.36,30.47,31.36
31.4,30.56,31.45,30.56,31.45,30.56,31.45,30.56,31.45
31.5,30.66,31.55,30.66,31.55,30.66,31.55,30.66,31.55
31.6,30.75,31.64,30.75,31.64,30.75,31.64,30.75,31.64
31.7,30.85,31.74,30.85,31.74,30.85,31.74,30.85,31.74
31.8,30.95,31.83,30.95,31.83,30.95,31.83,30.95,31.83
31.9,31.04,31.93,31.04,31.93,31.04,31.93,31.04,31.93
32.0,31.14,32.02,31.14,32.02,31.14,32.02,31.14,32.02
32.1,31.23,32.12,31.23,32.12,31.23,32.12,31.23,32.12
32.2,31.33,32.21,31.33,32.21,31.33,32.21,31.33,32.21
32.3,31.42,32.31,31.42,32.31,31.42,32.31,31.42,32.31
32.4,31.52,32.40,31.52,32.40,31.52,32.40,31.52,32.40
32.5,31.61,32.50,31.61,32.50,31.61,32.50,31.61,32.50
32.6,31.71,32.60,31.71,32.60,31.71,32.60,31.71,32.60
32.7,31.81,32.69,31.81,32.69,31.81,32.69,31.81,32.69
32.8,31.90,32.79,31.90,32.79,31.90,32.79,31.90,32.79
32.9,32.00,32.88,32.00,32.88,32.00,32.88,32.00,32.88
33.0,32.09,32.98,32.09,32.98,32.09,32.98,32.09,32.98
33.1,32.19,33.07,32.19,33.07,32.19,33.07,32.19,33.07
33.2,32.28,33.17,32.28,33.17,32.28,33.17,32.28,33.17
33.3,32.38,33.26,32.38,33.26,32.38,33.26,32.38,33.26
33.4,32.48,33.36,32.48,33.36,32.48,33.36,32.48,33.36
33.5,32.57,33.45,32.57,33.45,32.57,33.45,32.57,33.45
33.6,32.67,33.55,32.67,33.55,32.67,33.55,32.67,33.55
33.7,32.76,33.64,32.76,33.64,32.76,33.64,32.76,33.64
33.8,32.86,33.74,32.86,33.74,32.86,33.74,32.86,33.74
33.9,32.95,33.83,32.95,33.83,32.95,33.83,32.95,33.83
34.0,33.05,33.93,33.05,33.93,33.05,33.93,33.05,33.93
34.1,33.14,34.03,33.14,34.03,33.14,34.03,33.14,34.03
34.2,33.24,34.12,33.24,34.12,33.24,34.12,33.24,34.12
34.3,33.34,34.22,33.34,34.22,33.34,34.22,33.34,34.22
34.4,33.43,34.31,33.43,34.31,33.43,34.31,33.43,34.31
34.5,33.53,34.41,33.53,34.41,33.53,34.41,33.53,34.41
34.6,33.62,34.50,33.62,34.50,33.62,34.50,33.62,34.50
34.7,33.72,34.60,33.72,34.60,33.72,34.60,33.72,34.60
34.8,33.81,34.69,33.81,34.69,33.81,34.69,33.81,34.69
34.9,33.91,34.79,33.91,34.79,33.91,34.79,33.91,34.79
35.0,34.01,34.88,34.01,34.88,34.01,34.88,34.01,34.88
35.1,34.10,34.98,34.10,34.98,34.10,34.98,34.10,34.98
35.2,34.20,35.07,34.20,35.07,34.20,35.07,34.20,35.07
35.3,34.29,35.17,34.29,35.17,34.29,35.17,34.29,35.17
35.4,34.39,35.27,34.39,35.27,34.39,35.27,34.39,35.27
35.5,34.48,35.36,34.48,35.36,34.48,35.36,34.48,35.36
35.6,34.58,35.46,34.58,35.46,34.58,35.46,34.58,35.46
35.7,34.67,35.55,34.67,35.55,34.67,35.55,34.67,35.55
35.8,34.77,35.65,34.77,35.65,34.77,35.65,34.77,35.65
35.9,34.87,35.74,34.87,35.74,34.87,35.74,34.87,35.74
36.0,34.96,35.84,34.96,35.84,34.96,35.84,34.96,35.84
36.1,35.06,35.93,35.06,35.93,35.06,35.93,35.06,35.93
36.2,35.15,36.03,35.15,36.03,35.15,36.03,35.15,36.03
36.3,35.25,36.12,35.25,36.12,35.25,36.12,35.25,36.12
36.4,35.34,36.22,35.34,36.22,35.34,36.22,35.34,36.22
36.5,35.44,36.32,35.44,36.32,35.44,36.32,35.44,36.32
36.6,35.54,36.41,35.54,36.41,35.54,36.41,35.54,36.41
36.7,35.63,36.51,35.63,36.51,35.63,36.51,35.63,36.51
36.8,35.73,36.60,35.73,36.60,35.73,36.60,35.73,36.60
36.9,35.82,36.70,35.82,36.70,35.82,36.70,35.82,36.70
37.0,35.92,36.79,35.92,36.79,35.92,36.79,35.92,36.79
37.1,36.01,36.89,36.01,36.89,36.01,36.89,36.01,36.89
37.2,36.11,36.98,36.11,36.98,36.11,36.98,36.11,36.98
37.3,36.21,37.08,36.21,37.08,36.21,37.08,36.21,37.08
37.4,36.30,37.17,36.30,37.17,36.30,37.17,36.30,37.17
37.5,36.40,37.27,36.40,37.27,36.40,37.27,36.40,37.27
37.6,36.49,37.37,36.49,37.37,36.49,37.37,36.49,37.37
37.7,36.59,37.46,36.59,37.46,36.59,37.46,36.59,37.46
37.8,36.68,37.56,36.68,37.56,36.68,37.56,36.68,37.56
37.9,36.78,37.65,36.78,37.65,36.78,37.65,36.78,37.65
38.0,36.88,37.75,36.88,37.75,36.88,37.75,36.88,37.75
38.1,36.97,37.84,36.97,37.84,36.97,37.84,36.97,37.84
38.2,37.07,37.94,37.07,37.94,37.07,37.94,37.07,37.94
38.3,37.16,38.03,37.16,38.03,37.16,38.03,37.16,38.03
38.4,37.26,38.13,37.26,38.13,37.26,38.13,37.26,38.13
38.5,37.35,38.22,37.35,38.22,37.35,38.22,37.35,38.22
38.6,37.45,38.32,37.45,38.32,37.45,38.32,37.45,38.32
38.7,37.55,38.42,37.55,38.42,37.55,38.42,37.55,38.42
38.8,37.64,38.51,37.64,38.51,37.64,38.51,37.64,38.51
38.9,37.74,38.61,37.74,38.61,37.74,38.61,37.74,38.61
39.0,37.83,38.70,37.83,38.70,37.83,38.70,37.83,38.70
39.1,37.93,38.80,37.93,38.80,37.93,38.80,37.93,38.80
39.2,38.02,38.89,38.02,38.89,38.02,38.89,38.02,38.89
39.3,38.12,38.99,38.12,38.99,38.12,38.99,38.12,38.99
39.4,38.22,39.08,38.22,39.08,38.22,39.08,38.22,39.08
39.5,38.31,39.18,38.31,39.18,38.31,39.18,38.31,39.18
39.6,38.41,39.28,38.41,39.28,38.41,39.28,38.41,39.28
39.7,38.50,39.37,38.50,39.37,38.50,39.37,38.50,39.37
39.8,38.60,39.47,38.60,39.47,38.60,39.47,38.60,39.47
39.9,38.69,39.56,38.69,39.56,38.69,39.56,38.69,39.56
40.0,38.79,39.66,38.79,39.66,38.79,39.66,38.79,39.66
40.1,38.89,39.75,38.89,39.75,38.89,39.75,38.89,39.75
40.2,38.98,39.85,38.98,39.85,38.98,39.85,38.98,39.85
40.3,39.08,39.94,39.08,39.94,39.08,39.94,39.08,39.94
40.4,39.17,40.04,39.17,40.04,39.17,40.04,39.17,40.04
40.5,39.27,40.13,39.27,40.13,39.27,40.13,39.27,40.13
40.6,39.36,40.23,39.36,40.23,39.36,40.23,39.36,40.23
40.7,39.46,40.33,39.46,40.33,39.46,40.33,39.46,40.33
40.8,39.56,40.42,39.56,40.42,39.56,40.42,39.56,40.42
40.9,39.65,40.52,39.65,40.52,39.65,40.52,39.65,40.52
41.0,39.75,40.61,39.75,40.61,39.75,40.61,39.75,40.61
41.1,39.84,40.71,39.84,40.71,39.84,40.71,39.84,40.71
41.2,39.94,40.80,39.94,40.80,39.94,40.80,39.94,40.80
41.3,40.03,40.90,40.03,40.90,40.03,40.90,40.03,40.90
41.4,40.13,40.99,40.13,40.99,40.13,40.99,40.13,40.99
41.5,40.23,41.09,40.23,41.09,40.23,41.09,40.23,41.09
41.6,40.32,41.19,40.32,41.19,40.32,41.19,40.32,41.19
41.7,40.42,41.28,40.42,41.28,40.42,41.28,40.42,41.28
41.8,40.51,41.38,40.51,41.38,40.51,41.38,40.51,41.38
41.9,40.61,41.47,40.61,41.47,40.61,41.47,40.61,41.47
42.0,40.70,41.57,40.70,41.57,40.70,41.57,40.70,41.57
42.1,40.80,41.66,40.80,41.66,40.80,41.66,40.80,41.66
42.2,40.90,41.76,40.90,41.76,40.90,41.76,40.90,41.76
42.3,40.99,41.85,40.99,41.85,40.99,41.85,40.99,41.85
42.4,41.09,41.95,41.09,41.95,41.09,41.95,41.09,41.95
42.5,41.18,42.05,41.18,42.05,41.18,42.05,41.18,42.05
42.6,41.28,42.14,41.28,42.14,41.28,42.14,41.28,42.14
42.7,41.37,42.24,41.37,42.24,41.37,42.24,41.37,42.24
42.8,41.47,42.33,41.47,42.33,41.47,42.33,41.47,42.33
42.9,41.57,42.43,41.57,42.43,41.57,42.43,41.57,42.43
43.0,41.66,42.52,41.66,42.52,41.66,42.52,41.66,42.52
43.1,41.76,42.62,41.76,42.62,41.76,42.62,41.76,42.62
43.2,41.85,42.71,41.85,42.71,41.85,42.71,41.85,42.71
43.3,41.95,42.81,41.95,42.81,41.95,42.81,41.95,42.81
43.4,42.04,42.91,42.04,42.91,42.04,42.91,42.04,42.91
43.5,42.14,43.00,42.14,43.00,42.14,43.00,42.14,43.00
43.6,42.24,43.10,42.24,43.10,42.24,43.10,42.24,43.10
43.7,42.33,43.19,42.33,43.19,42.33,43.19,42.33,43.19
43.8,42.43,43.29,42.43,43.29,42.43,43.29,42.43,43.29
43.9,42.52,43.38,42.52,43.38,42.52,43.38,42.52,43.38
44.0,42.62,43.48,42.62,43.48,42.62,43.48,42.62,43.48
44.1,42.71,43.57,42.71,43.57,42.71,43.57,42.71,43.57
44.2,42.81,43.67,42.81,43.67,42.81,43.67,42.81,43.67
44.3,42.91,43.77,42.91,43.77,42.91,43.77,42.91,43.77
44.4,43.00,43.86,43.00,43.86,43.00,43.86,43.00,43.86
44.5,43.10,43.96,43.10,43.96,43.10,43.96,43.10,43.96
44.6,43.19,44.05,43.19,44.05,43.19,44.05,43.19,44.05
44.7,43.29,44.15,43.29,44.15,43.29,44.15,43.29,44.15
44.8,43.38,44.24,43.38,44.24,43.38,44.24,43.38,44.24
44.9,43.48,44.34,43.48,44.34,43.48,44.34,43.48,44.34
45.0,43.58,44.43,43.58,44.43,43.58,44.43,43.58,44.43
45.1,43.67,44.53,43.67,44.53,43.67,44.53,43.67,44.53
45.2,43.77,44.63,43.77,44.63,43.77,44.63,43.77,44.63
45.3,43.86,44.72,43.86,44.72,43.86,44.72,43.86,44.72
45.4,43.96,44.82,43.96,44.82,43.96,44.82,43.96,44.82
45.5,44.05,44.91,44.05,44.91,44.05,44.91,44.05,44.91
45.6,44.15,45.01,44.15,45.01,44.15,45.01,44.15,45.01
45.7,44.25,45.10,44.25,45.10,44.25,45.10,44.25,45.10
45.8,44.34,45.20,44.34,45.20,44.34,45.20,44.34,45.20
45.9,44.44,45.30,44.44,45.30,44.44,45.30,44.44,45.30
46.0,44.53,45.39,44.53,45.39,44.53,45.39,44.53,45.39
46.1,44.63,45.49,44.63,45.49,44.63,45.49,44.63,45.49
46.2,44.72,45.58,44.72,45.58,44.72,45.58,44.72,45.58
46.3,44.82,45.68,44.82,45.68,44.82,45.68,44.82,45.68
46.4,44.92,45.77,44.92,45.77,44.92,45.77,44.92,45.77
46.5,45.01,45.87,45.01,45.87,45.01,45.87,45.01,45.87
46.6,45.11,45.96,45.11,45.96,45.11,45.96,45.11,45.96
46.7,45.20,46.06,45.20,46.06,45.20,46.06,45.20,46.06
46.8,45.30,46.16,45.30,46.16,45.30,46.16,45.30,46.16
46.9,45.39,46.25,45.39,46.25,45.39,46.25,45.39,46.25
47.0,45.49,46.35,45.49,46.35,45.49,46.35,45.49,46.35
47.1,45.59,46.44,45.59,46.44,45.59,46.44,45.59,46.44
47.2,45.68,46.54,45.68,46.54,45.68,46.54,45.68,46.54
47.3,45.78,46.63,45.78,46.63,45.78,46.63,45.78,46.63
47.4,45.87,46.73,45.87,46.73,45.87,46.73,45.87,46.73
47.5,45.97,46.83,45.97,46.83,45.97,46.83,45.97,46.83
47.6,46.06,46.92,46.06,46.92,46.06,46.92,46.06,46.92
47.7,46.16,47.02,46.16,47.02,46.16,47.02,46.16,47.02
47.8,46.26,47.11,46.26,47.11,46.26,47.11,46.26,47.11
47.9,46.35,47.21,46.35,47.21,46.35,47.21,46.35,47.21
48.0,46.45,47.30,46.45,47.30,46.45,47.30,46.45,47.30
48.1,46.54,47.40,46.54,47.40,46.54,47.40,46.54,47.40
48.2,46.64,47.49,46.64,47.49,46.64,47.49,46.64,47.49
48.3,46.73,47.59,46.73,47.59,46.73,47.59,46.73,47.59
48.4,46.83,47.69,46.83,47.69,46.83,47.69,46.83,47.69
48.5,46.93,47.78,46.93,47.78,46.93,47.78,46.93,47.78
48.6,47.02,47.88,47.02,47.88,47.02,47.88,47.02,47.88
48.7,47.12,47.97,47.12,47.97,47.12,47.97,47.12,47.97
48.8,47.21,48.07,47.21,48.07,47.21,48.07,47.21,48.07
48.9,47.31,48.16,47.31,48.16,47.31,48.16,47.31,48.16
49.0,47.40,48.26,47.40,48.26,47.40,48.26,47.40,48.26
49.1,47.50,48.36,47.50,48.36,47.50,48.36,47.50,48.36
49.2,47.60,48.45,47.60,48.45,47.60,48.45,47.60,48.45
49.3,47.69,48.55,47.69,48.55,47.69,48.55,47.69,48.55
49.4,47.79,48.64,47.79,48.64,47.79,48.64,47.79,48.64
49.5,47.88,48.74,47.88,48.74,47.88,48.74,47.88,48.74
49.6,47.98,48.83,47.98,48.83,47.98,48.83,47.98,48.83
49.7,48.07,48.93,48.07,48.93,48.07,48.93,48.07,48.93
49.8,48.17,49.03,48.17,49.03,48.17,49.03,48.17,49.03
49.9,48.27,49.12,48.27,49.12,48.27,49.12,48.27,49.12
50.0,48.36,49.22,48.36,49.22,48.36,49.22,48.36,49.22
50.1,48.46,49.31,48.46,49.31,48.46,49.31,48.46,49.31
50.2,48.55,49.41,48.55,49.41,48.55,49.41,48.55,49.41
50.3,48.65,49.50,48.65,49.50,48.65,49.50,48.65,49.50
50.4,48.74,49.60,48.74,49.60,48.74,49.60,48.74,49.60
50.5,48.84,49.69,48.84,49.69,48.84,49.69,48.84,49.69
50.6,48.94,49.79,48.94,49.79,48.94,49.79,48.94,49.79
50.7,49.03,49.89,49.03,49.89,49.03,49.89,49.03,49.89
50.8,49.13,49.98,49.13,49.98,49.13,49.98,49.13,49.98
50.9,49.22,50.08,49.22,50.08,49.22,50.08,49.22,50.08
51.0,49.32,50.17,49.32,50.17,49.32,50.17,49.32,50.17
51.1,49.41,50.27,49.41,50.27,49.41,50.27,49.41,50.27
51.2,49.51,50.36,49.51,50.36,49.51,50.36,49.51,50.36
51.3,49.61,50.46,49.61,50.46,49.61,50.46,49.61,50.46
51.4,49.70,50.56,49.70,50.56,49.70,50.56,49.70,50.56
51.5,49.80,50.65,49.80,50.65,49.80,50.65,49.80,50.65
51.6,49.89,50.75,49.89,50.75,49.89,50.75,49.89,50.75
51.7,49.99,50.84,49.99,50.84,49.99,50.84,49.99,50.84
51.8,50.08,50.94,50.08,50.94,50.08,50.94,50.08,50.94
51.9,50.18,51.03,50.18,51.03,50.18,51.03,50.18,51.03
52.0,50.28,51.13,50.28,51.13,50.28,51.13,50.28,51.13
52.1,50.37,51.23,50.37,51.23,50.37,51.23,50.37,51.23
52.2,50.47,51.32,50.47,51.32,50.47,51.32,50.47,51.32
52.3,50.56,51.42,50.56,51.42,50.56,51.42,50.56,51.42
52.4,50.66,51.51,50.66,51.51,50.66,51.51,50.66,51.51
52.5,50.75,51.61,50.75,51.61,50.75,51.61,50.75,51.61
52.6,50.85,51.70,50.85,51.70,50.85,51.70,50.85,51.70
52.7,50.94,51.80,50.94,51.80,50.94,51.80,50.94,51.80
52.8,51.04,51.90,51.04,51.90,51.04,51.90,51.04,51.90
52.9,51.14,51.99,51.14,51.99,51.14,51.99,51.14,51.99
53.0,51.23,52.09,51.23,52.09,51.23,52.09,51.23,52.09
53.1,51.33,52.18,51.33,52.18,51.33,52.18,51.33,52.18
53.2,51.42,52.28,51.42,52.28,51.42,52.28,51.42,52.28
53.3,51.52,52.37,51.52,52.37,51.52,52.37,51.52,52.37
53.4,51.61,52.47,51.61,52.47,51.61,52.47,51.61,52.47
53.5,51.71,52.57,51.71,52.57,51.71,52.57,51.71,52.57
53.6,51.81,52.66,51.81,52.66,51.81,52.66,51.81,52.66
53.7,51.90,52.76,51.90,52.76,51.90,52.76,51.90,52.76
53.8,52.00,52.85,52.00,52.85,52.00,52.85,52.00,52.85
53.9,52.09,52.95,52.09,52.95,52.09,52.95,52.09,52.95
54.0,52.19,53.04,52.19,53.04,52.19,53.04,52.19,53.04
54.1,52.28,53.14,52.28,53.14,52.28,53.14,52.28,53.14
54.2,52.38,53.24,52.38,53.24,52.38,53.24,52.38,53.24
54.3,52.48,53.33,52.48,53.33,52.48,53.33,52.48,53.33
54.4,52.57,53.43,52.57,53.43,52.57,53.43,52.57,53.43
54.5,52.67,53.52,52.67,53.52,52.67,53.52,52.67,53.52
54.6,52.76,53.62,52.76,53.62,52.76,53.62,52.76,53.62
54.7,52.86,53.71,52.86,53.71,52.86,53.71,52.86,53.71
54.8,52.95,53.81,52.95,53.81,52.95,53.81,52.95,53.81
54.9,53.05,53.91,53.05,53.91,53.05,53.91,53.05,53.91
55.0,53.15,54.00,53.15,54.00,53.15,54.00,53.15,54.00
55.1,53.24,54.10,53.24,54.10,53.24,54.10,53.24,54.10
55.2,53.34,54.19,53.34,54.19,53.34,54.19,53.34,54.19
55.3,53.43,54.29,53.43,54.29,53.43,54.29,53.43,54.29
55.4,53.53,54.38,53.53,54.38,53.53,54.38,53.53,54.38
55.5,53.62,54.48,53.62,54.48,53.62,54.48,53.62,54.48
55.6,53.72,54.58,53.72,54.58,53.72,54.58,53.72,54.58
55.7,53.82,54.67,53.82,54.67,53.82,54.67,53.82,54.67
55.8,53.91,54.77,53.91,54.77,53.91,54.77,53.91,54.77
55.9,54.01,54.86,54.01,54.86,54.01,54.86,54.01,54.86
56.0,54.10,54.96,54.10,54.96,54.10,54.96,54.10,54.96
56.1,54.20,55.05,54.20,55.05,54.20,55.05,54.20,55.05
56.2,54.29,55.15,54.29,55.15,54.29,55.15,54.29,55.15
56.3,54.39,55.25,54.39,55.25,54.39,55.25,54.39,55.25
56.4,54.49,55.34,54.49,55.34,54.49,55.34,54.49,55.34
56.5,54.58,55.44,54.58,55.44,54.58,55.44,54.58,55.44
56.6,54.68,55.53,54.68,55.53,54.68,55.53,54.68,55.53
56.7,54.77,55.63,54.77,55.63,54.77,55.63,54.77,55.63
56.8,54.87,55.73,54.87,55.73,54.87,55.73,54.87,55.73
56.9,54.96,55.82,54.96,55.82,54.96,55.82,54.96,55.82
57.0,55.06,55.92,55.06,55.92,55.06,55.92,55.06,55.92
57.1,55.16,56.01,55.16,56.01,55.16,56.01,55.16,56.01
57.2,55.25,56.11,55.25,56.11,55.25,56.11,55.25,56.11
57.3,55.35,56.20,55.35,56.20,55.35,56.20,55.35,56.20
57.4,55.44,56.30,55.44,56.30,55.44,56.30,55.44,56.30
57.5,55.54,56.40,55.54,56.40,55.54,56.40,55.54,56.40
57.6,55.63,56.49,55.63,56.49,55.63,56.49,55.63,56.49
57.7,55.73,56.59,55.73,56.59,55.73,56.59,55.73,56.59
57.8,55.83,56.68,55.83,56.68,55.83,56.68,55.83,56.68
57.9,55.92,56.78,55.92,56.78,55.92,56.78,55.92,56.78
58.0,56.02,56.87,56.02,56.87,56.02,56.87,56.02,56.87
58.1,56.11,56.97,56.11,56.97,56.11,56.97,56.11,56.97
58.2,56.21,57.07,56.21,57.07,56.21,57.07,56.21,57.07
58.3,56.30,57.16,56.30,57.16,56.30,57.16,56.30,57.16
58.4,56.40,57.26,56.40,57.26,56.40,57.26,56.40,57.26
58.5,56.50,57.35,56.50,57.35,56.50,57.35,56.50,57.35
58.6,56.59,57.45,56.59,57.45,56.59,57.45,56.59,57.45
58.7,56.69,57.55,56.69,57.55,56.69,57.55,56.69,57.55
58.8,56.78,57.64,56.78,57.64,56.78,57.64,56.78,57.64
58.9,56.88,57.74,56.88,57.74,56.88,57.74,56.88,57.74
59.0,56.97,57.83,56.97,57.83,56.97,57.83,56.97,57.83
59.1,57.07,57.93,57.07,57.93,57.07,57.93,57.07,57.93
59.2,57.16,58.02,57.16,58.02,57.16,58.02,57.16,58.02
59.3,57.26,58.12,57.26,58.12,57.26,58.12,57.26,58.12
59.4,57.36,58.22,57.36,58.22,57.36,58.22,57.36,58.22
59.5,57.45,58.31,57.45,58.31,57.45,58.31,57.45,58.31
59.6,57.55,58.41,57.55,58.41,57.55,58.41,57.55,58.41
59.7,57.64,58.50,57.64,58.50,57.64,58.50,57.64,58.50
59.8,57.74,58.60,57.74,58.60,57.74,58.60,57.74,58.60
59.9,57.83,58.69,57.83,58.69,57.83,58.69,57.83,58.69
60.0,57.93,58.79,57.93,58.79,57.93,58.79,57.93,58.79
60.1,58.03,58.89,58.03,58.89,58.03,58.89,58.03,58.89
60.2,58.12,58.98,58.12,58.98,58.12,58.98,58.12,58.98
60.3,58.22,59.08,58.22,59.08,58.22,59.08,58.22,59.08
60.4,58.31,59.17,58.31,59.17,58.31,59.17,58.31,59.17
60.5,58.41,59.27,58.41,59.27,58.41,59.27,58.41,59.27
60.6,58.50,59.37,58.50,59.37,58.50,59.37,58.50,59.37
60.7,58.60,59.46,58.60,59.46,58.60,59.46,58.60,59.46
60.8,58.70,59.56,58.70,59.56,58.70,59.56,58.70,59.56
60.9,58.79,59.65,58.79,59.65,58.79,59.65,58.79,59.65
61.0,58.89,59.75,58.89,59.75,58.89,59.75,58.89,59.75
61.1,58.98,59.84,58.98,59.84,58.98,59.84,58.98,59.84
61.2,59.08,59.94,59.08,59.94,59.08,59.94,59.08,59.94
61.3,59.17,60.04,59.17,60.04,59.17,60.04,59.17,60.04
61.4,59.27,60.13,59.27,60.13,59.27,60.13,59.27,60.13
61.5,59.37,60.23,59.37,60.23,59.37,60.23,59.37,60.23
61.6,59.46,60.32,59.46,60.32,59.46,60.32,59.46,60.32
61.7,59.56,60.42,59.56,60.42,59.56,60.42,59.56,60.42
61.8,59.65,60.51,59.65,60.51,59.65,60.51,59.65,60.51
61.9,59.75,60.61,59.75,60.61,59.75,60.61,59.75,60.61
62.0,59.84,60.71,59.84,60.71,59.84,60.71,59.84,60.71
62.1,59.94,60.80,59.94,60.80,59.94,60.80,59.94,60.80
62.2,60.04,60.90,60.04,60.90,60.04,60.90,60.04,60.90
62.3,60.13,60.99,60.13,60.99,60.13,60.99,60.13,60.99
62.4,60.23,61.09,60.23,61.09,60.23,61.09,60.23,61.09
62.5,60.32,61.19,60.32,61.19,60.32,61.19,60.32,61.19
62.6,60.42,61.28,60.42,61.28,60.42,61.28,60.42,61.28
62.7,60.51,61.38,60.51,61.38,60.51,61.38,60.51,61.38
62.8,60.61,61.47,60.61,61.47,60.61,61.47,60.61,61.47
62.9,60.71,61.57,60.71,61.57,60.71,61.57,60.71,61.57
63.0,60.80,61.66,60.80,61.66,60.80,61.66,60.80,61.66
63.1,60.90,61.76,60.90,61.76,60.90,61.76,60.90,61.76
63.2,60.99,61.86,60.99,61.86,60.99,61.86,60.99,61.86
63.3,61.09,61.95,61.09,61.95,61.09,61.95,61.09,61.95
63.4,61.18,62.05,61.18,62.05,61.18,62.05,61.18,62.05
63.5,61.28,62.14,61.28,62.14,61.28,62.14,61.28,62.14
63.6,61.38,62.24,61.38,62.24,61.38,62.24,61.38,62.24
63.7,61.47,62.34,61.47,62.34,61.47,62.34,61.47,62.34
63.8,61.57,62.43,61.57,62.43,61.57,62.43,61.57,62.43
63.9,61.66,62.53,61.66,62.53,61.66,62.53,61.66,62.53
64.0,61.76,62.62,61.76,62.62,61.76,62.62,61.76,62.62
64.1,61.85,62.72,61.85,62.72,61.85,62.72,61.85,62.72
64.2,61.95,62.81,61.95,62.81,61.95,62.81,61.95,62.81
64.3,62.05,62.91,62.05,62.91,62.05,62.91,62.05,62.91
64.4,62.14,63.01,62.14,63.01,62.14,63.01,62.14,63.01
64.5,62.24,63.10,62.24,63.10,62.24,63.10,62.24,63.10
64.6,62.33,63.20,62.33,63.20,62.33,63.20,62.33,63.20
64.7,62.43,63.29,62.43,63.29,62.43,63.29,62.43,63.29
64.8,62.52,63.39,62.52,63.39,62.52,63.39,62.52,63.39
64.9,62.62,63.49,62.62,63.49,62.62,63.49,62.62,63.49
65.0,62.72,63.58,62.72,63.58,62.72,63.58,62.72,63.58
65.1,62.81,63.68,62.81,63.68,62.81,63.68,62.81,63.68
65.2,62.91,63.77,62.91,63.77,62.91,63.77,62.91,63.77
65.3,63.00,63.87,63.00,63.87,63.00,63.87,63.00,63.87
65.4,63.10,63.96,63.10,63.96,63.10,63.96,63.10,63.96
65.5,63.20,64.06,63.20,64.06,63.20,64.06,63.20,64.06
65.6,63.29,64.16,63.29,64.16,63.29,64.16,63.29,64.16
65.7,63.39,64.25,63.39,64.25,63.39,64.25,63.39,64.25
65.8,63.48,64.35,63.48,64.35,63.48,64.35,63.48,64.35
65.9,63.58,64.44,63.58,64.44,63.58,64.44,63.58,64.44
66.0,63.67,64.54,63.67,64.54,63.67,64.54,63.67,64.54
66.1,63.77,64.64,63.77,64.64,63.77,64.64,63.77,64.64
66.2,63.87,64.73,63.87,64.73,63.87,64.73,63.87,64.73
66.3,63.96,64.83,63.96,64.83,63.96,64.83,63.96,64.83
66.4,64.06,64.92,64.06,64.92,64.06,64.92,64.06,64.92
66.5,64.15,65.02,64.15,65.02,64.15,65.02,64.15,65.02
66.6,64.25,65.12,64.25,65.12,64.25,65.12,64.25,65.12
66.7,64.34,65.21,64.34,65.21,64.34,65.21,64.34,65.21
66.8,64.44,65.31,64.44,65.31,64.44,65.31,64.44,65.31
66.9,64.54,65.40,64.54,65.40,64.54,65.40,64.54,65.40
67.0,64.63,65.50,64.63,65.50,64.63,65.50,64.63,65.50
67.1,64.73,65.59,64.73,65.59,64.73,65.59,64.73,65.59
67.2,64.82,65.69,64.82,65.69,64.82,65.69,64.82,65.69
67.3,64.92,65.79,64.92,65.79,64.92,65.79,64.92,65.79
67.4,65.01,65.88,65.01,65.88,65.01,65.88,65.01,65.88
67.5,65.11,65.98,65.11,65.98,65.11,65.98,65.11,65.98
67.6,65.21,66.07,65.21,66.07,65.21,66.07,65.21,66.07
67.7,65.30,66.17,65.30,66.17,65.30,66.17,65.30,66.17
67.8,65.40,66.27,65.40,66.27,65.40,66.27,65.40,66.27
67.9,65.49,66.36,65.49,66.36,65.49,66.36,65.49,66.36
68.0,65.59,66.46,65.59,66.46,65.59,66.46,65.59,66.46
68.1,65.68,66.55,65.68,66.55,65.68,66.55,65.68,66.55
68.2,65.78,66.65,65.78,66.65,65.78,66.65,65.78,66.65
68.3,65.88,66.74,65.88,66.74,65.88,66.74,65.88,66.74
68.4,65.97,66.84,65.97,66.84,65.97,66.84,65.97,66.84
68.5,66.07,66.94,66.07,66.94,66.07,66.94,66.07,66.94
68.6,66.16,67.03,66.16,67.03,66.16,67.03,66.16,67.03
68.7,66.26,67.13,66.26,67.13,66.26,67.13,66.26,67.13
68.8,66.36,67.22,66.36,67.22,66.36,67.22,66.36,67.22
68.9,66.45,67.32,66.45,67.32,66.45,67.32,66.45,67.32
69.0,66.55,67.42,66.55,67.42,66.55,67.42,66.55,67.42
69.1,66.64,67.51,66.64,67.51,66.64,67.51,66.64,67.51
69.2,66.74,67.61,66.74,67.61,66.74,67.61,66.74,67.61
69.3,66.83,67.70,66.83,67.70,66.83,67.70,66.83,67.70
69.4,66.93,67.80,66.93,67.80,66.93,67.80,66.93,67.80
69.5,67.03,67.90,67.03,67.90,67.03,67.90,67.03,67.90
69.6,67.12,67.99,67.12,67.99,67.12,67.99,67.12,67.99
69.7,67.22,68.09,67.22,68.09,67.22,68.09,67.22,68.09
69.8,67.31,68.18,67.31,68.18,67.31,68.18,67.31,68.18
69.9,67.41,68.28,67.41,68.28,67.41,68.28,67.41,68.28
70.0,67.50,68.37,67.50,68.37,67.50,68.37,67.50,68.37
70.1,67.60,68.47,67.60,68.47,67.60,68.47,67.60,68.47
70.2,67.70,68.57,67.70,68.57,67.70,68.57,67.70,68.57
70.3,67.79,68.66,67.79,68.66,67.79,68.66,67.79,68.66
70.4,67.89,68.76,67.89,68.76,67.89,68.76,67.89,68.76
70.5,67.98,68.85,67.98,68.85,67.98,68.85,67.98,68.85
70.6,68.08,68.95,68.08,68.95,68.08,68.95,68.08,68.95
70.7,68.17,69.05,68.17,69.05,68.17,69.05,68.17,69.05
70.8,68.27,69.14,68.27,69.14,68.27,69.14,68.27,69.14
70.9,68.37,69.24,68.37,69.24,68.37,69.24,68.37,69.24
71.0,68.46,69.33,68.46,69.33,68.46,69.33,68.46,69.33
71.1,68.56,69.43,68.56,69.43,68.56,69.43,68.56,69.43
71.2,68.65,69.52,68.65,69.52,68.65,69.52,68.65,69.52
71.3,68.75,69.62,68.75,69.62,68.75,69.62,68.75,69.62
71.4,68.85,69.72,68.85,69.72,68.85,69.72,68.85,69.72
71.5,68.94,69.81,68.94,69.81,68.94,69.81,68.94,69.81
71.6,69.04,69.91,69.04,69.91,69.04,69.91,69.04,69.91
71.7,69.13,70.00,69.13,70.00,69.13,70.00,69.13,70.00
71.8,69.23,70.10,69.23,70.10,69.23,70.10,69.23,70.10
71.9,69.32,70.20,69.32,70.20,69.32,70.20,69.32,70.20
72.0,69.42,70.29,69.42,70.29,69.42,70.29,69.42,70.29
72.1,69.52,70.39,69.52,70.39,69.52,70.39,69.52,70.39
72.2,69.61,70.48,69.61,70.48,69.61,70.48,69.61,70.48
72.3,69.71,70.58,69.71,70.58,69.71,70.58,69.71,70.58
72.4,69.80,70.67,69.80,70.67,69.80,70.67,69.80,70.67
72.5,69.90,70.77,69.90,70.77,69.90,70.77,69.90,70.77
72.6,70.00,70.87,70.00,70.87,70.00,70.87,70.00,70.87
72.7,70.09,70.96,70.09,70.96,70.09,70.96,70.09,70.96
72.8,70.19,71.06,70.19,71.06,70.19,71.06,70.19,71.06
72.9,70.28,71.15,70.28,71.15,70.28,71.15,70.28,71.15
73.0,70.38,71.25,70.38,71.25,70.38,71.25,70.38,71.25
73.1,70.47,71.35,70.47,71.35,70.47,71.35,70.47,71.35
73.2,70.57,71.44,70.57,71.44,70.57,71.44,70.57,71.44
73.3,70.67,71.54,70.67,71.54,70.67,71.54,70.67,71.54
73.4,70.76,71.63,70.76,71.63,70.76,71.63,70.76,71.63
73.5,70.86,71.73,70.86,71.73,70.86,71.73,70.86,71.73
73.6,70.95,71.82,70.95,71.82,70.95,71.82,70.95,71.82
73.7,71.05,71.92,71.05,71.92,71.05,71.92,71.05,71.92
73.8,71.15,72.02,71.15,72.02,71.15,72.02,71.15,72.02
73.9,71.24,72.11,71.24,72.11,71.24,72.11,71.24,72.11
74.0,71.34,72.21,71.34,72.21,71.34,72.21,71.34,72.21
74.1,71.43,72.30,71.43,72.30,71.43,72.30,71.43,72.30
74.2,71.53,72.40,71.53,72.40,71.53,72.40,71.53,72.40
74.3,71.62,72.50,71.62,72.50,71.62,72.50,71.62,72.50
74.4,71.72,72.59,71.72,72.59,71.72,72.59,71.72,72.59
74.5,71.82,72.69,71.82,72.69,71.82,72.69,71.82,72.69
74.6,71.91,72.78,71.91,72.78,71.91,72.78,71.91,72.78
74.7,72.01,72.88,72.01,72.88,72.01,72.88,72.01,72.88
74.8,72.10,72.97,72.10,72.97,72.10,72.97,72.10,72.97
74.9,72.20,73.07,72.20,73.07,72.20,73.07,72.20,73.07
75.0,72.30,73.17,72.30,73.17,72.30,73.17,72.30,73.17
75.1,72.39,73.26,72.39,73.26,72.39,73.26,72.39,73.26
75.2,72.49,73.36,72.49,73.36,72.49,73.36,72.49,73.36
75.3,72.58,73.45,72.58,73.45,72.58,73.45,72.58,73.45
75.4,72.68,73.55,72.68,73.55,72.68,73.55,72.68,73.55
75.5,72.77,73.65,72.77,73.65,72.77,73.65,72.77,73.65
75.6,72.87,73.74,72.87,73.74,72.87,73.74,72.87,73.74
75.7,72.97,73.84,72.97,73.84,72.97,73.84,72.97,73.84
75.8,73.06,73.93,73.06,73.93,73.06,73.93,73.06,73.93
75.9,73.16,74.03,73.16,74.03,73.16,74.03,73.16,74.03
76.0,73.25,74.12,73.25,74.12,73.25,74.12,73.25,74.12
76.1,73.35,74.22,73.35,74.22,73.35,74.22,73.35,74.22
76.2,73.45,74.32,73.45,74.32,73.45,74.32,73.45,74.32
76.3,73.54,74.41,73.54,74.41,73.54,74.41,73.54,74.41
76.4,73.64,74.51,73.64,74.51,73.64,74.51,73.64,74.51
76.5,73.73,74.60,73.73,74.60,73.73,74.60,73.73,74.60
76.6,73.83,74.70,73.83,74.70,73.83,74.70,73.83,74.70
76.7,73.93,74.79,73.93,74.79,73.93,74.79,73.93,74.79
76.8,74.02,74.89,74.02,74.89,74.02,74.89,74.02,74.89
76.9,74.12,74.99,74.12,74.99,74.12,74.99,74.12,74.99
77.0,74.21,75.08,74.21,75.08,74.21,75.08,74.21,75.08
77.1,74.31,75.18,74.31,75.18,74.31,75.18,74.31,75.18
77.2,74.40,75.27,74.40,75.27,74.40,75.27,74.40,75.27
77.3,74.50,75.37,74.50,75.37,74.50,75.37,74.50,75.37
77.4,74.60,75.47,74.60,75.47,74.60,75.47,74.60,75.47
77.5,74.69,75.56,74.69,75.56,74.69,75.56,74.69,75.56
77.6,74.79,75.66,74.79,75.66,74.79,75.66,74.79,75.66
77.7,74.88,75.75,74.88,75.75,74.88,75.75,74.88,75.75
77.8,74.98,75.85,74.98,75.85,74.98,75.85,74.98,75.85
77.9,75.08,75.94,75.08,75.94,75.08,75.94,75.08,75.94
78.0,75.17,76.04,75.17,76.04,75.17,76.04,75.17,76.04
78.1,75.27,76.14,75.27,76.14,75.27,76.14,75.27,76.14
78.2,75.36,76.23,75.36,76.23,75.36,76.23,75.36,76.23
78.3,75.46,76.33,75.46,76.33,75.46,76.33,75.46,76.33
78.4,75.56,76.42,75.56,76.42,75.56,76.42,75.56,76.42
78.5,75.65,76.52,75.65,76.52,75.65,76.52,75.65,76.52
78.6,75.75,76.61,75.75,76.61,75.75,76.61,75.75,76.61
78.7,75.84,76.71,75.84,76.71,75.84,76.71,75.84,76.71
78.8,75.94,76.81,75.94,76.81,75.94,76.81,75.94,76.81
78.9,76.03,76.90,76.03,76.90,76.03,76.90,76.03,76.90
79.0,76.13,77.00,76.13,77.00,76.13,77.00,76.13,77.00
79.1,76.23,77.09,76.23,77.09,76.23,77.09,76.23,77.09
79.2,76.32,77.19,76.32,77.19,76.32,77.19,76.32,77.19
79.3,76.42,77.28,76.42,77.28,76.42,77.28,76.42,77.28
79.4,76.51,77.38,76.51,77.38,76.51,77.38,76.51,77.38
79.5,76.61,77.48,76.61,77.48,76.61,77.48,76.61,77.48
79.6,76.71,77.57,76.71,77.57,76.71,77.57,76.71,77.57
79.7,76.80,77.67,76.80,77.67,76.80,77.67,76.80,77.67
79.8,76.90,77.76,76.90,77.76,76.90,77.76,76.90,77.76
79.9,76.99,77.86,76.99,77.86,76.99,77.86,76.99,77.86
80.0,77.09,77.95,77.09,77.95,77.09,77.95,77.09,77.95
80.1,77.19,78.05,77.19,78.05,77.19,78.05,77.19,78.05
80.2,77.28,78.14,77.28,78.14,77.28,78.14,77.28,78.14
80.3,77.38,78.24,77.38,78.24,77.38,78.24,77.38,78.24
80.4,77.47,78.34,77.47,78.34,77.47,78.34,77.47,78.34
80.5,77.57,78.43,77.57,78.43,77.57,78.43,77.57,78.43
80.6,77.67,78.53,77.67,78.53,77.67,78.53,77.67,78.53
80.7,77.76,78.62,77.76,78.62,77.76,78.62,77.76,78.62
80.8,77.86,78.72,77.86,78.72,77.86,78.72,77.86,78.72
80.9,77.95,78.81,77.95,78.81,77.95,78.81,77.95,78.81
81.0,78.05,78.91,78.05,78.91,78.05,78.91,78.05,78.91
81.1,78.14,79.01,78.14,79.01,78.14,79.01,78.14,79.01
81.2,78.24,79.10,78.24,79.10,78.24,79.10,78.24,79.10
81.3,78.34,79.20,78.34,79.20,78.34,79.20,78.34,79.20
81.4,78.43,79.29,78.43,79.29,78.43,79.29,78.43,79.29
81.5,78.53,79.39,78.53,79.39,78.53,79.39,78.53,79.39
81.6,78.62,79.48,78.62,79.48,78.62,79.48,78.62,79.48
81.7,78.72,79.58,78.72,79.58,78.72,79.58,78.72,79.58
81.8,78.82,79.67,78.82,79.67,78.82,79.67,78.82,79.67
81.9,78.91,79.77,78.91,79.77,78.91,79.77,78.91,79.77
82.0,79.01,79.87,79.01,79.87,79.01,79.87,79.01,79.87
82.1,79.10,79.96,79.10,79.96,79.10,79.96,79.10,79.96
82.2,79.20,80.06,79.20,80.06,79.20,80.06,79.20,80.06
82.3,79.30,80.15,79.30,80.15,79.30,80.15,79.30,80.15
82.4,79.39,80.25,79.39,80.25,79.39,80.25,79.39,80.25
82.5,79.49,80.34,79.49,80.34,79.49,80.34,79.49,80.34
82.6,79.58,80.44,79.58,80.44,79.58,80.44,79.58,80.44
82.7,79.68,80.53,79.68,80.53,79.68,80.53,79.68,80.53
82.8,79.78,80.63,79.78,80.63,79.78,80.63,79.78,80.63
82.9,79.87,80.73,79.87,80.73,79.87,80.73,79.87,80.73
83.0,79.97,80.82,79.97,80.82,79.97,80.82,79.97,80.82
83.1,80.06,80.92,80.06,80.92,80.06,80.92,80.06,80.92
83.2,80.16,81.01,80.16,81.01,80.16,81.01,80.16,81.01
83.3,80.26,81.11,80.26,81.11,80.26,81.11,80.26,81.11
83.4,80.35,81.20,80.35,81.20,80.35,81.20,80.35,81.20
83.5,80.45,81.30,80.45,81.30,80.45,81.30,80.45,81.30
83.6,80.54,81.39,80.54,81.39,80.54,81.39,80.54,81.39
83.7,80.64,81.49,80.64,81.49,80.64,81.49,80.64,81.49
83.8,80.74,81.58,80.74,81.58,80.74,81.58,80.74,81.58
83.9,80.83,81.68,80.83,81.68,80.83,81.68,80.83,81.68
84.0,80.93,81.78,80.93,81.78,80.93,81.78,80.93,81.78
84.1,81.02,81.87,81.02,81.87,81.02,81.87,81.02,81.87
84.2,81.12,81.97,81.12,81.97,81.12,81.97,81.12,81.97
84.3,81.22,82.06,81.22,82.06,81.22,82.06,81.22,82.06
84.4,81.31,82.16,81.31,82.16,81.31,82.16,81.31,82.16
84.5,81.41,82.25,81.41,82.25,81.41,82.25,81.41,82.25
84.6,81.50,82.35,81.50,82.35,81.50,82.35,81.50,82.35
84.7,81.60,82.44,81.60,82.44,81.60,82.44,81.60,82.44
84.8,81.70,82.54,81.70,82.54,81.70,82.54,81.70,82.54
84.9,81.79,82.63,81.79,82.63,81.79,82.63,81.79,82.63
85.0,81.89,82.73,81.89,82.73,81.89,82.73,81.89,82.73
85.1,81.98,82.82,81.98,82.82,81.98,82.82,81.98,82.82
85.2,82.08,82.92,82.08,82.92,82.08,82.92,82.08,82.92
85.3,82.18,83.02,82.18,83.02,82.18,83.02,82.18,83.02
85.4,82.27,83.11,82.27,83.11,82.27,83.11,82.27,83.11
85.5,82.37,83.21,82.37,83.21,82.37,83.21,82.37,83.21
85.6,82.46,83.30,82.46,83.30,82.46,83.30,82.46,83.30
85.7,82.56,83.40,82.56,83.40,82.56,83.40,82.56,83.40
85.8,82.65,83.49,82.65,83.49,82.65,83.49,82.65,83.49
85.9,82.75,83.59,82.75,83.59,82.75,83.59,82.75,83.59
86.0,82.85,83.68,82.85,83.68,82.85,83.68,82.85,83.68
86.1,82.94,83.78,82.94,83.78,82.94,83.78,82.94,83.78
86.2,83.04,83.87,83.04,83.87,83.04,83.87,83.04,83.87
86.3,83.13,83.97,83.13,83.97,83.13,83.97,83.13,83.97
86.4,83.23,84.06,83.23,84.06,83.23,84.06,83.23,84.06
86.5,83.33,84.16,83.33,84.16,83.33,84.16,83.33,84.16
86.6,83.42,84.25,83.42,84.25,83.42,84.25,83.42,84.25
86.7,83.52,84.35,83.52,84.35,83.52,84.35,83.52,84.35
86.8,83.61,84.44,83.61,84.44,83.61,84.44,83.61,84.44
86.9,83.71,84.54,83.71,84.54,83.71,84.54,83.71,84.54
87.0,83.81,84.63,83.81,84.63,83.81,84.63,83.81,84.63
87.1,83.90,84.73,83.90,84.73,83.90,84.73,83.90,84.73
87.2,84.00,84.83,84.00,84.83,84.00,84.83,84.00,84.83
87.3,84.09,84.92,84.09,84.92,84.09,84.92,84.09,84.92
87.4,84.19,85.02,84.19,85.02,84.19,85.02,84.19,85.02
87.5,84.29,85.11,84.29,85.11,84.29,85.11,84.29,85.11
87.6,84.38,85.21,84.38,85.21,84.38,85.21,84.38,85.21
87.7,84.48,85.30,84.48,85.30,84.48,85.30,84.48,85.30
87.8,84.57,85.40,84.57,85.40,84.57,85.40,84.57,85.40
87.9,84.67,85.49,84.67,85.49,84.67,85.49,84.67,85.49
88.0,84.77,85.59,84.77,85.59,84.77,85.59,84.77,85.59
88.1,84.86,85.68,84.86,85.68,84.86,85.68,84.86,85.68
88.2,84.96,85.78,84.96,85.78,84.96,85.78,84.96,85.78
88.3,85.05,85.87,85.05,85.87,85.05,85.87,85.05,85.87
88.4,85.15,85.97,85.15,85.97,85.15,85.97,85.15,85.97
88.5,85.25,86.06,85.25,86.06,85.25,86.06,85.25,86.06
88.6,85.34,86.16,85.34,86.16,85.34,86.16,85.34,86.16
88.7,85.44,86.25,85.44,86.25,85.44,86.25,85.44,86.25
88.8,85.53,86.35,85.53,86.35,85.53,86.35,85.53,86.35
88.9,85.63,86.44,85.63,86.44,85.63,86.44,85.63,86.44
89.0,85.73,86.54,85.73,86.54,85.73,86.54,85.73,86.54
89.1,85.82,86.63,85.82,86.63,85.82,86.63,85.82,86.63
89.2,85.92,86.73,85.92,86.73,85.92,86.73,85.92,86.73
89.3,86.01,86.82,86.01,86.82,86.01,86.82,86.01,86.82
89.4,86.11,86.92,86.11,86.92,86.11,86.92,86.11,86.92
89.5,86.21,87.01,86.21,87.01,86.21,87.01,86.21,87.01
89.6,86.30,87.11,86.30,87.11,86.30,87.11,86.30,87.11
89.7,86.40,87.20,86.40,87.20,86.40,87.20,86.40,87.20
89.8,86.49,87.29,86.49,87.29,86.49,87.29,86.49,87.29
89.9,86.59,87.39,86.59,87.39,86.59,87.39,86.59,87.39
90.0,86.69,87.48,86.69,87.48,86.69,87.48,86.69,87.48
90.1,86.78,87.58,86.78,87.58,86.78,87.58,86.78,87.58
90.2,86.88,87.67,86.88,87.67,86.88,87.67,86.88,87.67
90.3,86.97,87.77,86.97,87.77,86.97,87.77,86.97,87.77
90.4,87.07,87.86,87.07,87.86,87.07,87.86,87.07,87.86
90.5,87.17,87.96,87.17,87.96,87.17,87.96,87.17,87.96
90.6,87.26,88.05,87.26,88.05,87.26,88.05,87.26,88.05
90.7,87.36,88.15,87.36,88.15,87.36,88.15,87.36,88.15
90.8,87.45,88.24,87.45,88.24,87.45,88.24,87.45,88.24
90.9,87.55,88.34,87.55,88.34,87.55,88.34,87.55,88.34
91.0,87.65,88.43,87.65,88.43,87.65,88.43,87.65,88.43
91.1,87.74,88.53,87.74,88.53,87.74,88.53,87.74,88.53
91.2,87.84,88.62,87.84,88.62,87.84,88.62,87.84,88.62
91.3,87.93,88.72,87.93,88.72,87.93,88.72,87.93,88.72
91.4,88.03,88.81,88.03,88.81,88.03,88.81,88.03,88.81
91.5,88.13,88.90,88.13,88.90,88.13,88.90,88.13,88.90
91.6,88.22,89.00,88.22,89.00,88.22,89.00,88.22,89.00
91.7,88.32,89.09,88.32,89.09,88.32,89.09,88.32,89.09
91.8,88.41,89.19,88.41,89.19,88.41,89.19,88.41,89.19
91.9,88.51,89.28,88.51,89.28,88.51,89.28,88.51,89.28
92.0,88.61,89.38,88.61,89.38,88.61,89.38,88.61,89.38
92.1,88.70,89.47,88.70,89.47,88.70,89.47,88.70,89.47
92.2,88.80,89.57,88.80,89.57,88.80,89.57,88.80,89.57
92.3,88.89,89.66,88.89,89.66,88.89,89.66,88.89,89.66
92.4,88.99,89.75,88.99,89.75,88.99,89.75,88.99,89.75
92.5,89.09,89.85,89.09,89.85,89.09,89.85,89.09,89.85
92.6,89.18,89.94,89.18,89.94,89.18,89.94,89.18,89.94
92.7,89.28,90.04,89.28,90.04,89.28,90.04,89.28,90.04
92.8,89.37,90.13,89.37,90.13,89.37,90.13,89.37,90.13
92.9,89.47,90.23,89.47,90.23,89.47,90.23,89.47,90.23
93.0,89.57,90.32,89.57,90.32,89.57,90.32,89.57,90.32
93.1,89.66,90.42,89.66,90.42,89.66,90.42,89.66,90.42
93.2,89.76,90.51,89.76,90.51,89.76,90.51,89.76,90.51
93.3,89.85,90.60,89.85,90.60,89.85,90.60,89.85,90.60
93.4,89.95,90.70,89.95,90.70,89.95,90.70,89.95,90.70
93.5,90.05,90.79,90.05,90.79,90.05,90.79,90.05,90.79
93.6,90.14,90.89,90.14,90.89,90.14,90.89,90.14,90.89
93.7,90.24,90.98,90.24,90.98,90.24,90.98,90.24,90.98
93.8,90.33,91.08,90.33,91.08,90.33,91.08,90.33,91.08
93.9,90.43,91.17,90.43,91.17,90.43,91.17,90.43,91.17
94.0,90.53,91.26,90.53,91.26,90.53,91.26,90.53,91.26
94.1,90.62,91.36,90.62,91.36,90.62,91.36,90.62,91.36
94.2,90.72,91.45,90.72,91.45,90.72,91.45,90.72,91.45
94.3,90.81,91.55,90.81,91.55,90.81,91.55,90.81,91.55
94.4,90.91,91.64,90.91,91.64,90.91,91.64,90.91,91.64
94.5,91.01,91.73,91.01,91.73,91.01,91.73,91.01,91.73
94.6,91.10,91.83,91.10,91.83,91.10,91.83,91.10,91.83
94.7,91.20,91.92,91.20,91.92,91.20,91.92,91.20,91.92
94.8,91.29,92.02,91.29,92.02,91.29,92.02,91.29,92.02
94.9,91.39,92.11,91.39,92.11,91.39,92.11,91.39,92.11
95.0,91.49,92.20,91.49,92.20,91.49,92.20,91.49,92.20
95.1,91.58,92.30,91.58,92.30,91.58,92.30,91.58,92.30
95.2,91.68,92.39,91.68,92.39,91.68,92.39,91.68,92.39
95.3,91.77,92.49,91.77,92.49,91.77,92.49,91.77,92.49
95.4,91.87,92.58,91.87,92.58,91.87,92.58,91.87,92.58
95.5,91.97,92.67,91.97,92.67,91.97,92.67,91.97,92.67
95.6,92.06,92.77,92.06,92.77,92.06,92.77,92.06,92.77
95.7,92.16,92.86,92.16,92.86,92.16,92.86,92.16,92.86
95.8,92.25,92.95,92.25,92.95,92.25,92.95,92.25,92.95
95.9,92.35,93.05,92.35,93.05,92.35,93.05,92.35,93.05
96.0,92.45,93.14,92.45,93.14,92.45,93.14,92.45,93.14
96.1,92.54,93.23,92.54,93.23,92.54,93.23,92.54,93.23
96.2,92.64,93.33,92.64,93.33,92.64,93.33,92.64,93.33
96.3,92.73,93.42,92.73,93.42,92.73,93.42,92.73,93.42
96.4,92.83,93.52,92.83,93.52,92.83,93.52,92.83,93.52
96.5,92.93,93.61,92.93,93.61,92.93,93.61,92.93,93.61
96.6,93.02,93.70,93.02,93.70,93.02,93.70,93.02,93.70
96.7,93.12,93.80,93.12,93.80,93.12,93.80,93.12,93.80
96.8,93.21,93.89,93.21,93.89,93.21,93.89,93.21,93.89
96.9,93.31,93.98,93.31,93.98,93.31,93.98,93.31,93.98
97.0,93.41,94.08,93.41,94.08,93.41,94.08,93.41,94.08
