1.0,0.87,1.55,0.91,1.62
1.1,0.95,1.65,0.99,1.72
1.2,1.04,1.75,1.08,1.81
1.3,1.13,1.84,1.16,1.91
1.4,1.21,1.94,1.25,2.01
1.5,1.30,2.04,1.33,2.10
1.6,1.39,2.13,1.42,2.20
1.7,1.47,2.23,1.51,2.29
1.8,1.56,2.33,1.59,2.39
1.9,1.65,2.42,1.68,2.48
2.0,1.74,2.52,1.77,2.58
2.1,1.82,2.62,1.85,2.67
2.2,1.91,2.71,1.94,2.77
2.3,2.00,2.81,2.03,2.86
2.4,2.09,2.91,2.11,2.96
2.5,2.18,3.00,2.20,3.06
2.6,2.27,3.10,2.29,3.15
2.7,2.35,3.20,2.38,3.25
2.8,2.44,3.30,2.46,3.34
2.9,2.53,3.39,2.55,3.44
3.0,2.62,3.49,2.64,3.53
3.1,2.71,3.59,2.73,3.63
3.2,2.80,3.68,2.82,3.73
3.3,2.89,3.78,2.91,3.82
3.4,2.98,3.88,2.99,3.92
3.5,3.07,3.97,3.08,4.01
3.6,3.16,4.07,3.17,4.11
3.7,3.25,4.17,3.26,4.21
3.8,3.34,4.27,3.35,4.30
3.9,3.43,4.36,3.44,4.40
4.0,3.52,4.46,3.53,4.49
4.1,3.61,4.56,3.62,4.59
4.2,3.70,4.65,3.71,4.69
4.3,3.79,4.75,3.80,4.78
4.4,3.88,4.85,3.89,4.88
4.5,3.97,4.94,3.98,4.98
4.6,4.06,5.04,4.07,5.07
4.7,4.15,5.14,4.16,5.17
4.8,4.24,5.24,4.25,5.26
4.9,4.33,5.33,4.34,5.36
5.0,4.43,5.43,4.43,5.46
5.1,4.52,5.53,4.53,5.55
5.2,4.61,5.63,4.62,5.65
5.3,4.70,5.72,4.71,5.75
5.4,4.79,5.82,4.80,5.84
5.5,4.89,5.92,4.89,5.94
5.6,4.98,6.01,4.98,6.04
5.7,5.07,6.11,5.07,6.13
5.8,5.16,6.21,5.17,6.23
5.9,5.25,6.31,5.26,6.33
6.0,5.35,6.40,5.35,6.42
6.1,5.44,6.50,5.44,6.52
6.2,5.53,6.60,5.53,6.62
6.3,5.63,6.70,5.63,6.71
6.4,5.72,6.79,5.72,6.81
6.5,5.81,6.89,5.81,6.91
6.6,5.90,6.99,5.91,7.00
6.7,6.00,7.09,6.00,7.10
6.8,6.09,7.18,6.09,7.20
6.9,6.18,7.28,6.18,7.29
7.0,6.28,7.38,6.28,7.39
7.1,6.37,7.47,6.37,7.49
7.2,6.47,7.57,6.46,7.58
7.3,6.56,7.67,6.56,7.68
7.4,6.65,7.77,6.65,7.78
7.5,6.75,7.86,6.75,7.87
7.6,6.84,7.96,6.84,7.97
7.7,6.94,8.06,6.93,8.07
7.8,7.03,8.16,7.03,8.17
7.9,7.12,8.25,7.12,8.26
8.0,7.22,8.35,7.22,8.36
8.1,7.31,8.45,7.31,8.46
8.2,7.41,8.55,7.40,8.55
8.3,7.50,8.65,7.50,8.65
8.4,7.60,8.74,7.59,8.75
8.5,7.69,8.84,7.69,8.84
8.6,7.79,8.94,7.78,8.94
8.7,7.88,9.04,7.88,9.04
8.8,7.98,9.13,7.97,9.14
8.9,8.07,9.23,8.07,9.23
9.0,8.17,9.33,8.16,9.33
9.1,8.26,9.43,8.26,9.43
9.2,8.36,9.52,8.35,9.53
9.3,8.45,9.62,8.45,9.62
9.4,8.55,9.72,8.54,9.72
9.5,8.65,9.82,8.64,9.82
9.6,8.74,9.91,8.74,9.91
9.7,8.84,10.01,8.83,10.01
9.8,8.93,10.11,8.93,10.11
9.9,9.03,10.21,9.02,10.21
10.0,9.12,10.31,9.12,10.30
10.1,9.22,10.40,9.21,10.40
10.2,9.32,10.50,9.31,10.50
10.3,9.41,10.60,9.41,10.60
10.4,9.51,10.70,9.50,10.69
10.5,9.61,10.80,9.60,10.79
10.6,9.70,10.89,9.70,10.89
10.7,9.80,10.99,9.79,10.99
10.8,9.89,11.09,9.89,11.08
10.9,9.99,11.19,9.98,11.18
11.0,10.09,11.28,10.08,11.28
11.1,10.18,11.38,10.18,11.38
11.2,10.28,11.48,10.27,11.48
11.3,10.38,11.58,10.37,11.57
11.4,10.48,11.68,10.47,11.67
11.5,10.57,11.77,10.56,11.77
11.6,10.67,11.87,10.66,11.87
11.7,10.77,11.97,10.76,11.96
11.8,10.86,12.07,10.86,12.06
11.9,10.96,12.17,10.95,12.16
12.0,11.06,12.26,11.05,12.26
12.1,11.15,12.36,11.15,12.35
12.2,11.25,12.46,11.24,12.45
12.3,11.35,12.56,11.34,12.55
12.4,11.45,12.66,11.44,12.65
12.5,11.54,12.75,11.54,12.75
12.6,11.64,12.85,11.63,12.84
12.7,11.74,12.95,11.73,12.94
12.8,11.84,13.05,11.83,13.04
12.9,11.93,13.15,11.93,13.14
13.0,12.03,13.24,12.02,13.24
13.1,12.13,13.34,12.12,13.33
13.2,12.23,13.44,12.22,13.43
13.3,12.33,13.54,12.32,13.53
13.4,12.42,13.64,12.42,13.63
13.5,12.52,13.73,12.51,13.73
13.6,12.62,13.83,12.61,13.82
13.7,12.72,13.93,12.71,13.92
13.8,12.81,14.03,12.81,14.02
13.9,12.91,14.13,12.91,14.12
14.0,13.01,14.23,13.00,14.22
14.1,13.11,14.32,13.10,14.31
14.2,13.21,14.42,13.20,14.41
14.3,13.31,14.52,13.30,14.51
14.4,13.40,14.62,13.40,14.61
14.5,13.50,14.72,13.50,14.71
14.6,13.60,14.81,13.59,14.80
14.7,13.70,14.91,13.69,14.90
14.8,13.80,15.01,13.79,15.00
14.9,13.90,15.11,13.89,15.10
15.0,13.99,15.21,13.99,15.20
15.1,14.09,15.31,14.09,15.29
15.2,14.19,15.40,14.19,15.39
15.3,14.29,15.50,14.28,15.49
15.4,14.39,15.60,14.38,15.59
15.5,14.49,15.70,14.48,15.69
15.6,14.59,15.80,14.58,15.79
15.7,14.68,15.90,14.68,15.88
15.8,14.78,15.99,14.78,15.98
15.9,14.88,16.09,14.88,16.08
16.0,14.98,16.19,14.98,16.18
16.1,15.08,16.29,15.07,16.28
16.2,15.18,16.39,15.17,16.38
16.3,15.28,16.49,15.27,16.47
16.4,15.38,16.58,15.37,16.57
16.5,15.48,16.68,15.47,16.67
16.6,15.57,16.78,15.57,16.77
16.7,15.67,16.88,15.67,16.87
16.8,15.77,16.98,15.77,16.97
16.9,15.87,17.08,15.87,17.06
17.0,15.97,17.17,15.97,17.16
17.1,16.07,17.27,16.07,17.26
17.2,16.17,17.37,16.17,17.36
17.3,16.27,17.47,16.26,17.46
17.4,16.37,17.57,16.36,17.56
17.5,16.47,17.67,16.46,17.65
17.6,16.57,17.76,16.56,17.75
17.7,16.66,17.86,16.66,17.85
17.8,16.76,17.96,16.76,17.95
17.9,16.86,18.06,16.86,18.05
18.0,16.96,18.16,16.96,18.15
18.1,17.06,18.26,17.06,18.24
18.2,17.16,18.36,17.16,18.34
18.3,17.26,18.45,17.26,18.44
18.4,17.36,18.55,17.36,18.54
18.5,17.46,18.65,17.46,18.64
18.6,17.56,18.75,17.56,18.74
18.7,17.66,18.85,17.66,18.84
18.8,17.76,18.95,17.76,18.93
18.9,17.86,19.05,17.86,19.03
19.0,17.96,19.14,17.96,19.13
19.1,18.06,19.24,18.05,19.23
19.2,18.16,19.34,18.15,19.33
19.3,18.26,19.44,18.25,19.43
19.4,18.35,19.54,18.35,19.53
19.5,18.45,19.64,18.45,19.62
19.6,18.55,19.73,18.55,19.72
19.7,18.65,19.83,18.65,19.82
19.8,18.75,19.93,18.75,19.92
19.9,18.85,20.03,18.85,20.02
20.0,18.95,20.13,18.95,20.12
20.1,19.05,20.23,19.05,20.22
20.2,19.15,20.33,19.15,20.31
20.3,19.25,20.43,19.25,20.41
20.4,19.35,20.52,19.35,20.51
20.5,19.45,20.62,19.45,20.61
20.6,19.55,20.72,19.55,20.71
20.7,19.65,20.82,19.65,20.81
20.8,19.75,20.92,19.75,20.91
20.9,19.85,21.02,19.85,21.00
21.0,19.95,21.12,19.95,21.10
21.1,20.05,21.21,20.05,21.20
21.2,20.15,21.31,20.15,21.30
21.3,20.25,21.41,20.25,21.40
21.4,20.35,21.51,20.35,21.50
21.5,20.45,21.61,20.45,21.60
21.6,20.55,21.71,20.55,21.70
21.7,20.65,21.81,20.65,21.79
21.8,20.75,21.91,20.75,21.89
21.9,20.85,22.00,20.85,21.99
22.0,20.95,22.10,20.95,22.09
22.1,21.05,22.20,21.05,22.19
22.2,21.15,22.30,21.15,22.29
22.3,21.25,22.40,21.25,22.39
22.4,21.35,22.50,21.35,22.49
22.5,21.45,22.60,21.45,22.58
22.6,21.55,22.69,21.55,22.68
22.7,21.65,22.79,21.65,22.78
22.8,21.75,22.89,21.75,22.88
22.9,21.85,22.99,21.85,22.98
23.0,21.95,23.09,21.95,23.08
23.1,22.05,23.19,22.05,23.18
23.2,22.15,23.29,22.15,23.28
23.3,22.25,23.39,22.25,23.37
23.4,22.35,23.48,22.35,23.47
23.5,22.45,23.58,22.45,23.57
23.6,22.55,23.68,22.55,23.67
23.7,22.65,23.78,22.65,23.77
23.8,22.75,23.88,22.75,23.87
23.9,22.85,23.98,22.85,23.97
24.0,22.95,24.08,22.95,24.07
24.1,23.05,24.18,23.05,24.17
24.2,23.15,24.28,23.15,24.26
24.3,23.25,24.37,23.25,24.36
24.4,23.35,24.47,23.35,24.46
24.5,23.45,24.57,23.45,24.56
24.6,23.55,24.67,23.55,24.66
24.7,23.65,24.77,23.65,24.76
24.8,23.75,24.87,23.75,24.86
24.9,23.85,24.97,23.85,24.96
25.0,23.95,25.07,23.95,25.05
25.1,24.05,25.16,24.05,25.15
25.2,24.15,25.26,24.15,25.25
25.3,24.25,25.36,24.25,25.35
25.4,24.35,25.46,24.35,25.45
25.5,24.45,25.56,24.45,25.55
25.6,24.55,25.66,24.55,25.65
25.7,24.65,25.76,24.65,25.75
25.8,24.75,25.86,24.75,25.85
25.9,24.85,25.96,24.85,25.95
26.0,24.95,26.05,24.95,26.04
26.1,25.05,26.15,25.05,26.14
26.2,25.15,26.25,25.15,26.24
26.3,25.25,26.35,25.25,26.34
26.4,25.35,26.45,25.35,26.44
26.5,25.45,26.55,25.46,26.54
26.6,25.55,26.65,25.56,26.64
26.7,25.65,26.75,25.66,26.74
26.8,25.75,26.85,25.76,26.84
26.9,25.85,26.95,25.86,26.93
27.0,25.95,27.04,25.96,27.03
27.1,26.05,27.14,26.06,27.13
27.2,26.15,27.24,26.16,27.23
27.3,26.25,27.34,26.26,27.33
27.4,26.35,27.44,26.36,27.43
27.5,26.45,27.54,26.46,27.53
27.6,26.55,27.64,26.56,27.63
27.7,26.65,27.74,26.66,27.73
27.8,26.75,27.84,26.76,27.82
27.9,26.85,27.93,26.86,27.92
28.0,26.95,28.03,26.96,28.02
28.1,27.05,28.13,27.06,28.12
28.2,27.15,28.23,27.16,28.22
28.3,27.25,28.33,27.26,28.32
28.4,27.35,28.43,27.36,28.42
28.5,27.45,28.53,27.46,28.52
28.6,27.55,28.63,27.56,28.62
28.7,27.65,28.73,27.66,28.72
28.8,27.75,28.83,27.76,28.81
28.9,27.85,28.92,27.86,28.91
29.0,27.95,29.02,27.96,29.01
29.1,28.05,29.12,28.06,29.11
29.2,28.15,29.22,28.16,29.21
29.3,28.25,29.32,28.26,29.31
29.4,28.35,29.42,28.36,29.41
29.5,28.45,29.52,28.46,29.51
29.6,28.55,29.62,28.56,29.61
29.7,28.65,29.72,28.66,29.71
29.8,28.75,29.82,28.76,29.80
29.9,28.85,29.91,28.86,29.90
30.0,28.95,30.01,28.96,30.00
30.1,29.05,30.11,29.06,30.10
30.2,29.15,30.21,29.16,30.20
30.3,29.25,30.31,29.26,30.30
30.4,29.35,30.41,29.36,30.40
30.5,29.45,30.51,29.46,30.50
30.6,29.55,30.61,29.56,30.60
30.7,29.65,30.71,29.66,30.70
30.8,29.75,30.81,29.76,30.80
30.9,29.85,30.90,29.86,30.89
31.0,29.95,31.00,29.96,30.99
31.1,30.05,31.10,30.06,31.09
31.2,30.15,31.20,30.16,31.19
31.3,30.25,31.30,30.26,31.29
31.4,30.35,31.40,30.36,31.39
31.5,30.45,31.50,30.46,31.49
31.6,30.55,31.60,30.56,31.59
31.7,30.65,31.70,30.66,31.69
31.8,30.75,31.80,30.76,31.79
31.9,30.85,31.90,30.86,31.88
32.0,30.95,31.99,30.96,31.98
32.1,31.05,32.09,31.06,32.08
32.2,31.15,32.19,31.16,32.18
32.3,31.25,32.29,31.26,32.28
32.4,31.35,32.39,31.36,32.38
32.5,31.45,32.49,31.46,32.48
32.6,31.55,32.59,31.56,32.58
32.7,31.65,32.69,31.66,32.68
32.8,31.75,32.79,31.76,32.78
32.9,31.85,32.89,31.86,32.88
33.0,31.95,32.99,31.96,32.97
33.1,32.05,33.08,32.06,33.07
33.2,32.15,33.18,32.16,33.17
33.3,32.25,33.28,32.26,33.27
33.4,32.35,33.38,32.36,33.37
33.5,32.45,33.48,32.46,33.47
33.6,32.55,33.58,32.56,33.57
33.7,32.65,33.68,32.66,33.67
33.8,32.75,33.78,32.76,33.77
33.9,32.85,33.88,32.86,33.87
34.0,32.95,33.98,32.96,33.97
34.1,33.05,34.08,33.06,34.06
34.2,33.15,34.17,33.16,34.16
34.3,33.25,34.27,33.26,34.26
34.4,33.35,34.37,33.36,34.36
34.5,33.45,34.47,33.46,34.46
34.6,33.55,34.57,33.56,34.56
34.7,33.65,34.67,33.66,34.66
34.8,33.75,34.77,33.76,34.76
34.9,33.85,34.87,33.86,34.86
35.0,33.95,34.97,33.96,34.96
35.1,34.05,35.07,34.06,35.06
35.2,34.15,35.17,34.16,35.15
35.3,34.25,35.26,34.26,35.25
35.4,34.35,35.36,34.36,35.35
35.5,34.45,35.46,34.46,35.45
35.6,34.55,35.56,34.56,35.55
35.7,34.65,35.66,34.66,35.65
35.8,34.75,35.76,34.76,35.75
35.9,34.85,35.86,34.86,35.85
36.0,34.95,35.96,34.96,35.95
36.1,35.05,36.06,35.06,36.05
36.2,35.15,36.16,35.16,36.15
36.3,35.25,36.26,35.26,36.24
36.4,35.35,36.36,35.36,36.34
36.5,35.45,36.45,35.46,36.44
36.6,35.55,36.55,35.56,36.54
36.7,35.65,36.65,35.66,36.64
36.8,35.75,36.75,35.76,36.74
36.9,35.85,36.85,35.86,36.84
37.0,35.95,36.95,35.96,36.94
37.1,36.05,37.05,36.06,37.04
37.2,36.15,37.15,36.16,37.14
37.3,36.25,37.25,36.26,37.24
37.4,36.35,37.35,36.36,37.33
37.5,36.45,37.45,36.46,37.43
37.6,36.55,37.55,36.56,37.53
37.7,36.65,37.64,36.66,37.63
37.8,36.75,37.74,36.76,37.73
37.9,36.85,37.84,36.86,37.83
38.0,36.95,37.94,36.96,37.93
38.1,37.05,38.04,37.06,38.03
38.2,37.15,38.14,37.16,38.13
38.3,37.25,38.24,37.26,38.23
38.4,37.35,38.34,37.36,38.33
38.5,37.45,38.44,37.46,38.43
38.6,37.55,38.54,37.56,38.52
38.7,37.65,38.64,37.66,38.62
38.8,37.75,38.74,37.76,38.72
38.9,37.85,38.83,37.85,38.82
39.0,37.95,38.93,37.95,38.92
39.1,38.05,39.03,38.05,39.02
39.2,38.15,39.13,38.15,39.12
39.3,38.25,39.23,38.25,39.22
39.4,38.35,39.33,38.35,39.32
39.5,38.45,39.43,38.45,39.42
39.6,38.55,39.53,38.55,39.52
39.7,38.65,39.63,38.65,39.61
39.8,38.75,39.73,38.75,39.71
39.9,38.85,39.83,38.85,39.81
40.0,38.95,39.93,38.95,39.91
40.1,39.05,40.02,39.05,40.01
40.2,39.15,40.12,39.15,40.11
40.3,39.25,40.22,39.25,40.21
40.4,39.35,40.32,39.35,40.31
40.5,39.45,40.42,39.45,40.41
40.6,39.55,40.52,39.55,40.51
40.7,39.65,40.62,39.65,40.61
40.8,39.75,40.72,39.75,40.71
40.9,39.85,40.82,39.85,40.80
41.0,39.95,40.92,39.95,40.90
41.1,40.05,41.02,40.05,41.00
41.2,40.15,41.12,40.15,41.10
41.3,40.25,41.21,40.25,41.20
41.4,40.35,41.31,40.35,41.30
41.5,40.45,41.41,40.45,41.40
41.6,40.55,41.51,40.55,41.50
41.7,40.65,41.61,40.65,41.60
41.8,40.75,41.71,40.75,41.70
41.9,40.85,41.81,40.85,41.80
42.0,40.95,41.91,40.95,41.90
42.1,41.05,42.01,41.05,41.99
42.2,41.14,42.11,41.15,42.09
42.3,41.24,42.21,41.25,42.19
42.4,41.34,42.31,41.35,42.29
42.5,41.44,42.41,41.45,42.39
42.6,41.54,42.50,41.55,42.49
42.7,41.64,42.60,41.65,42.59
42.8,41.74,42.70,41.75,42.69
42.9,41.84,42.80,41.85,42.79
43.0,41.94,42.90,41.95,42.89
43.1,42.04,43.00,42.05,42.99
43.2,42.14,43.10,42.15,43.09
43.3,42.24,43.20,42.25,43.18
43.4,42.34,43.30,42.35,43.28
43.5,42.44,43.40,42.44,43.38
43.6,42.54,43.50,42.54,43.48
43.7,42.64,43.60,42.64,43.58
43.8,42.74,43.69,42.74,43.68
43.9,42.84,43.79,42.84,43.78
44.0,42.94,43.89,42.94,43.88
44.1,43.04,43.99,43.04,43.98
44.2,43.14,44.09,43.14,44.08
44.3,43.24,44.19,43.24,44.18
44.4,43.34,44.29,43.34,44.28
44.5,43.44,44.39,43.44,44.37
44.6,43.54,44.49,43.54,44.47
44.7,43.64,44.59,43.64,44.57
44.8,43.74,44.69,43.74,44.67
44.9,43.84,44.79,43.84,44.77
45.0,43.94,44.89,43.94,44.87
45.1,44.04,44.98,44.04,44.97
45.2,44.14,45.08,44.14,45.07
45.3,44.24,45.18,44.24,45.17
45.4,44.34,45.28,44.34,45.27
45.5,44.44,45.38,44.44,45.37
45.6,44.54,45.48,44.54,45.47
45.7,44.64,45.58,44.64,45.56
45.8,44.74,45.68,44.74,45.66
45.9,44.84,45.78,44.84,45.76
46.0,44.94,45.88,44.94,45.86
46.1,45.04,45.98,45.04,45.96
46.2,45.14,46.08,45.14,46.06
46.3,45.24,46.18,45.24,46.16
46.4,45.34,46.27,45.34,46.26
46.5,45.44,46.37,45.44,46.36
46.6,45.54,46.47,45.54,46.46
46.7,45.64,46.57,45.64,46.56
46.8,45.74,46.67,45.74,46.66
46.9,45.83,46.77,45.84,46.75
47.0,45.93,46.87,45.94,46.85
47.1,46.03,46.97,46.04,46.95
47.2,46.13,47.07,46.14,47.05
47.3,46.23,47.17,46.24,47.15
47.4,46.33,47.27,46.33,47.25
47.5,46.43,47.37,46.43,47.35
47.6,46.53,47.47,46.53,47.45
47.7,46.63,47.56,46.63,47.55
47.8,46.73,47.66,46.73,47.65
47.9,46.83,47.76,46.83,47.75
48.0,46.93,47.86,46.93,47.85
48.1,47.03,47.96,47.03,47.95
48.2,47.13,48.06,47.13,48.04
48.3,47.23,48.16,47.23,48.14
48.4,47.33,48.26,47.33,48.24
48.5,47.43,48.36,47.43,48.34
48.6,47.53,48.46,47.53,48.44
48.7,47.63,48.56,47.63,48.54
48.8,47.73,48.66,47.73,48.64
48.9,47.83,48.76,47.83,48.74
49.0,47.93,48.85,47.93,48.84
49.1,48.03,48.95,48.03,48.94
49.2,48.13,49.05,48.13,49.04
49.3,48.23,49.15,48.23,49.14
49.4,48.33,49.25,48.33,49.24
49.5,48.43,49.35,48.43,49.33
49.6,48.53,49.45,48.53,49.43
49.7,48.63,49.55,48.63,49.53
49.8,48.73,49.65,48.73,49.63
49.9,48.83,49.75,48.83,49.73
50.0,48.93,49.85,48.93,49.83
50.1,49.03,49.95,49.03,49.93
50.2,49.13,50.05,49.13,50.03
50.3,49.23,50.15,49.23,50.13
50.4,49.33,50.24,49.33,50.23
50.5,49.43,50.34,49.43,50.33
50.6,49.53,50.44,49.53,50.43
50.7,49.63,50.54,49.63,50.53
50.8,49.73,50.64,49.73,50.62
50.9,49.82,50.74,49.83,50.72
51.0,49.92,50.84,49.93,50.82
51.1,50.02,50.94,50.03,50.92
51.2,50.12,51.04,50.12,51.02
51.3,50.22,51.14,50.22,51.12
51.4,50.32,51.24,50.32,51.22
51.5,50.42,51.34,50.42,51.32
51.6,50.52,51.44,50.52,51.42
51.7,50.62,51.53,50.62,51.52
51.8,50.72,51.63,50.72,51.62
51.9,50.82,51.73,50.82,51.72
52.0,50.92,51.83,50.92,51.82
52.1,51.02,51.93,51.02,51.91
52.2,51.12,52.03,51.12,52.01
52.3,51.22,52.13,51.22,52.11
52.4,51.32,52.23,51.32,52.21
52.5,51.42,52.33,51.42,52.31
52.6,51.52,52.43,51.52,52.41
52.7,51.62,52.53,51.62,52.51
52.8,51.72,52.63,51.72,52.61
52.9,51.82,52.73,51.82,52.71
53.0,51.92,52.83,51.92,52.81
53.1,52.02,52.92,52.02,52.91
53.2,52.12,53.02,52.12,53.01
53.3,52.22,53.12,52.22,53.11
53.4,52.32,53.22,52.32,53.20
53.5,52.42,53.32,52.42,53.30
53.6,52.52,53.42,52.52,53.40
53.7,52.62,53.52,52.62,53.50
53.8,52.72,53.62,52.72,53.60
53.9,52.82,53.72,52.82,53.70
54.0,52.92,53.82,52.92,53.80
54.1,53.02,53.92,53.02,53.90
54.2,53.12,54.02,53.12,54.00
54.3,53.22,54.12,53.22,54.10
54.4,53.31,54.22,53.32,54.20
54.5,53.41,54.31,53.42,54.30
54.6,53.51,54.41,53.52,54.40
54.7,53.61,54.51,53.62,54.50
54.8,53.71,54.61,53.72,54.59
54.9,53.81,54.71,53.82,54.69
55.0,53.91,54.81,53.91,54.79
55.1,54.01,54.91,54.01,54.89
55.2,54.11,55.01,54.11,54.99
55.3,54.21,55.11,54.21,55.09
55.4,54.31,55.21,54.31,55.19
55.5,54.41,55.31,54.41,55.29
55.6,54.51,55.41,54.51,55.39
55.7,54.61,55.51,54.61,55.49
55.8,54.71,55.61,54.71,55.59
55.9,54.81,55.70,54.81,55.69
56.0,54.91,55.80,54.91,55.79
56.1,55.01,55.90,55.01,55.89
56.2,55.11,56.00,55.11,55.98
56.3,55.21,56.10,55.21,56.08
56.4,55.31,56.20,55.31,56.18
56.5,55.41,56.30,55.41,56.28
56.6,55.51,56.40,55.51,56.38
56.7,55.61,56.50,55.61,56.48
56.8,55.71,56.60,55.71,56.58
56.9,55.81,56.70,55.81,56.68
57.0,55.91,56.80,55.91,56.78
57.1,56.01,56.90,56.01,56.88
57.2,56.11,57.00,56.11,56.98
57.3,56.20,57.10,56.21,57.08
57.4,56.30,57.19,56.31,57.18
57.5,56.40,57.29,56.41,57.28
57.6,56.50,57.39,56.51,57.38
57.7,56.60,57.49,56.61,57.47
57.8,56.70,57.59,56.71,57.57
57.9,56.80,57.69,56.81,57.67
58.0,56.90,57.79,56.91,57.77
58.1,57.00,57.89,57.01,57.87
58.2,57.10,57.99,57.11,57.97
58.3,57.20,58.09,57.20,58.07
58.4,57.30,58.19,57.30,58.17
58.5,57.40,58.29,57.40,58.27
58.6,57.50,58.39,57.50,58.37
58.7,57.60,58.49,57.60,58.47
58.8,57.70,58.59,57.70,58.57
58.9,57.80,58.68,57.80,58.67
59.0,57.90,58.78,57.90,58.77
59.1,58.00,58.88,58.00,58.87
59.2,58.10,58.98,58.10,58.96
59.3,58.20,59.08,58.20,59.06
59.4,58.30,59.18,58.30,59.16
59.5,58.40,59.28,58.40,59.26
59.6,58.50,59.38,58.50,59.36
59.7,58.59,59.48,58.60,59.46
59.8,58.69,59.58,58.70,59.56
59.9,58.79,59.68,58.80,59.66
60.0,58.89,59.78,58.90,59.76
60.1,58.99,59.88,59.00,59.86
60.2,59.09,59.98,59.10,59.96
60.3,59.19,60.08,59.20,60.06
60.4,59.29,60.17,59.30,60.16
60.5,59.39,60.27,59.40,60.26
60.6,59.49,60.37,59.50,60.36
60.7,59.59,60.47,59.60,60.45
60.8,59.69,60.57,59.70,60.55
60.9,59.79,60.67,59.79,60.65
61.0,59.89,60.77,59.89,60.75
61.1,59.99,60.87,59.99,60.85
61.2,60.09,60.97,60.09,60.95
61.3,60.19,61.07,60.19,61.05
61.4,60.29,61.17,60.29,61.15
61.5,60.39,61.27,60.39,61.25
61.6,60.48,61.37,60.49,61.35
61.7,60.58,61.47,60.59,61.45
61.8,60.68,61.57,60.69,61.55
61.9,60.78,61.67,60.79,61.65
62.0,60.88,61.76,60.89,61.75
62.1,60.98,61.86,60.99,61.85
62.2,61.08,61.96,61.09,61.95
62.3,61.18,62.06,61.19,62.05
62.4,61.28,62.16,61.29,62.14
62.5,61.38,62.26,61.39,62.24
62.6,61.48,62.36,61.49,62.34
62.7,61.58,62.46,61.59,62.44
62.8,61.68,62.56,61.69,62.54
62.9,61.78,62.66,61.79,62.64
63.0,61.88,62.76,61.88,62.74
63.1,61.98,62.86,61.98,62.84
63.2,62.08,62.96,62.08,62.94
63.3,62.17,63.06,62.18,63.04
63.4,62.27,63.16,62.28,63.14
63.5,62.37,63.26,62.38,63.24
63.6,62.47,63.36,62.48,63.34
63.7,62.57,63.45,62.58,63.44
63.8,62.67,63.55,62.68,63.54
63.9,62.77,63.65,62.78,63.64
64.0,62.87,63.75,62.88,63.73
64.1,62.97,63.85,62.98,63.83
64.2,63.07,63.95,63.08,63.93
64.3,63.17,64.05,63.18,64.03
64.4,63.27,64.15,63.28,64.13
64.5,63.37,64.25,63.38,64.23
64.6,63.47,64.35,63.48,64.33
64.7,63.56,64.45,63.57,64.43
64.8,63.66,64.55,63.67,64.53
64.9,63.76,64.65,63.77,64.63
65.0,63.86,64.75,63.87,64.73
65.1,63.96,64.85,63.97,64.83
65.2,64.06,64.95,64.07,64.93
65.3,64.16,65.05,64.17,65.03
65.4,64.26,65.15,64.27,65.13
65.5,64.36,65.24,64.37,65.23
65.6,64.46,65.34,64.47,65.33
65.7,64.56,65.44,64.57,65.43
65.8,64.66,65.54,64.67,65.52
65.9,64.76,65.64,64.77,65.62
66.0,64.85,65.74,64.87,65.72
66.1,64.95,65.84,64.97,65.82
66.2,65.05,65.94,65.06,65.92
66.3,65.15,66.04,65.16,66.02
66.4,65.25,66.14,65.26,66.12
66.5,65.35,66.24,65.36,66.22
66.6,65.45,66.34,65.46,66.32
66.7,65.55,66.44,65.56,66.42
66.8,65.65,66.54,65.66,66.52
66.9,65.75,66.64,65.76,66.62
67.0,65.85,66.74,65.86,66.72
67.1,65.94,66.84,65.96,66.82
67.2,66.04,66.94,66.06,66.92
67.3,66.14,67.03,66.16,67.02
67.4,66.24,67.13,66.25,67.12
67.5,66.34,67.23,66.35,67.22
67.6,66.44,67.33,66.45,67.32
67.7,66.54,67.43,66.55,67.41
67.8,66.64,67.53,66.65,67.51
67.9,66.74,67.63,66.75,67.61
68.0,66.84,67.73,66.85,67.71
68.1,66.93,67.83,66.95,67.81
68.2,67.03,67.93,67.05,67.91
68.3,67.13,68.03,67.15,68.01
68.4,67.23,68.13,67.25,68.11
68.5,67.33,68.23,67.34,68.21
68.6,67.43,68.33,67.44,68.31
68.7,67.53,68.43,67.54,68.41
68.8,67.63,68.53,67.64,68.51
68.9,67.73,68.63,67.74,68.61
69.0,67.83,68.73,67.84,68.71
69.1,67.92,68.83,67.94,68.81
69.2,68.02,68.92,68.04,68.91
69.3,68.12,69.02,68.14,69.01
69.4,68.22,69.12,68.24,69.11
69.5,68.32,69.22,68.33,69.21
69.6,68.42,69.32,68.43,69.30
69.7,68.52,69.42,68.53,69.40
69.8,68.62,69.52,68.63,69.50
69.9,68.72,69.62,68.73,69.60
70.0,68.81,69.72,68.83,69.70
70.1,68.91,69.82,68.93,69.80
70.2,69.01,69.92,69.03,69.90
70.3,69.11,70.02,69.13,70.00
70.4,69.21,70.12,69.23,70.10
70.5,69.31,70.22,69.32,70.20
70.6,69.41,70.32,69.42,70.30
70.7,69.51,70.42,69.52,70.40
70.8,69.60,70.52,69.62,70.50
70.9,69.70,70.62,69.72,70.60
71.0,69.80,70.72,69.82,70.70
71.1,69.90,70.82,69.92,70.80
71.2,70.00,70.91,70.02,70.90
71.3,70.10,71.01,70.11,71.00
71.4,70.20,71.11,70.21,71.10
71.5,70.30,71.21,70.31,71.20
71.6,70.39,71.31,70.41,71.29
71.7,70.49,71.41,70.51,71.39
71.8,70.59,71.51,70.61,71.49
71.9,70.69,71.61,70.71,71.59
72.0,70.79,71.71,70.81,71.69
72.1,70.89,71.81,70.90,71.79
72.2,70.99,71.91,71.00,71.89
72.3,71.08,72.01,71.10,71.99
72.4,71.18,72.11,71.20,72.09
72.5,71.28,72.21,71.30,72.19
72.6,71.38,72.31,71.40,72.29
72.7,71.48,72.41,71.50,72.39
72.8,71.58,72.51,71.60,72.49
72.9,71.68,72.61,71.69,72.59
73.0,71.77,72.71,71.79,72.69
73.1,71.87,72.81,71.89,72.79
73.2,71.97,72.91,71.99,72.89
73.3,72.07,73.01,72.09,72.99
73.4,72.17,73.10,72.19,73.09
73.5,72.27,73.20,72.29,73.19
73.6,72.37,73.30,72.38,73.28
73.7,72.46,73.40,72.48,73.38
73.8,72.56,73.50,72.58,73.48
73.9,72.66,73.60,72.68,73.58
74.0,72.76,73.70,72.78,73.68
74.1,72.86,73.80,72.88,73.78
74.2,72.96,73.90,72.98,73.88
74.3,73.06,74.00,73.07,73.98
74.4,73.15,74.10,73.17,74.08
74.5,73.25,74.20,73.27,74.18
74.6,73.35,74.30,73.37,74.28
74.7,73.45,74.40,73.47,74.38
74.8,73.55,74.50,73.57,74.48
74.9,73.65,74.60,73.66,74.58
75.0,73.74,74.70,73.76,74.68
75.1,73.84,74.80,73.86,74.78
75.2,73.94,74.90,73.96,74.88
75.3,74.04,75.00,74.06,74.98
75.4,74.14,75.10,74.16,75.08
75.5,74.24,75.20,74.25,75.18
75.6,74.33,75.29,74.35,75.28
75.7,74.43,75.39,74.45,75.37
75.8,74.53,75.49,74.55,75.47
75.9,74.63,75.59,74.65,75.57
76.0,74.73,75.69,74.75,75.67
76.1,74.83,75.79,74.84,75.77
76.2,74.92,75.89,74.94,75.87
76.3,75.02,75.99,75.04,75.97
76.4,75.12,76.09,75.14,76.07
76.5,75.22,76.19,75.24,76.17
76.6,75.32,76.29,75.34,76.27
76.7,75.42,76.39,75.43,76.37
76.8,75.51,76.49,75.53,76.47
76.9,75.61,76.59,75.63,76.57
77.0,75.71,76.69,75.73,76.67
77.1,75.81,76.79,75.83,76.77
77.2,75.91,76.89,75.93,76.87
77.3,76.00,76.99,76.02,76.97
77.4,76.10,77.09,76.12,77.07
77.5,76.20,77.19,76.22,77.17
77.6,76.30,77.29,76.32,77.27
77.7,76.40,77.39,76.42,77.37
77.8,76.50,77.48,76.51,77.46
77.9,76.59,77.58,76.61,77.56
78.0,76.69,77.68,76.71,77.66
78.1,76.79,77.78,76.81,77.76
78.2,76.89,77.88,76.91,77.86
78.3,76.99,77.98,77.01,77.96
78.4,77.09,78.08,77.10,78.06
78.5,77.18,78.18,77.20,78.16
78.6,77.28,78.28,77.30,78.26
78.7,77.38,78.38,77.40,78.36
78.8,77.48,78.48,77.50,78.46
78.9,77.58,78.58,77.59,78.56
79.0,77.67,78.68,77.69,78.66
79.1,77.77,78.78,77.79,78.76
79.2,77.87,78.88,77.89,78.86
79.3,77.97,78.98,77.99,78.96
79.4,78.07,79.08,78.08,79.06
79.5,78.16,79.18,78.18,79.16
79.6,78.26,79.28,78.28,79.26
79.7,78.36,79.38,78.38,79.36
79.8,78.46,79.48,78.48,79.45
79.9,78.56,79.57,78.58,79.55
80.0,78.66,79.67,78.67,79.65
80.1,78.75,79.77,78.77,79.75
80.2,78.85,79.87,78.87,79.85
80.3,78.95,79.97,78.97,79.95
80.4,79.05,80.07,79.07,80.05
80.5,79.15,80.17,79.16,80.15
80.6,79.24,80.27,79.26,80.25
80.7,79.34,80.37,79.36,80.35
80.8,79.44,80.47,79.46,80.45
80.9,79.54,80.57,79.56,80.55
81.0,79.64,80.67,79.65,80.65
81.1,79.73,80.77,79.75,80.75
81.2,79.83,80.87,79.85,80.85
81.3,79.93,80.97,79.95,80.95
81.4,80.03,81.07,80.05,81.05
81.5,80.13,81.17,80.14,81.15
81.6,80.22,81.27,80.24,81.25
81.7,80.32,81.37,80.34,81.34
81.8,80.42,81.47,80.44,81.44
81.9,80.52,81.56,80.54,81.54
82.0,80.62,81.66,80.63,81.64
82.1,80.72,81.76,80.73,81.74
82.2,80.81,81.86,80.83,81.84
82.3,80.91,81.96,80.93,81.94
82.4,81.01,82.06,81.03,82.04
82.5,81.11,82.16,81.12,82.14
82.6,81.21,82.26,81.22,82.24
82.7,81.30,82.36,81.32,82.34
82.8,81.40,82.46,81.42,82.44
82.9,81.50,82.56,81.52,82.54
83.0,81.60,82.66,81.61,82.64
83.1,81.70,82.76,81.71,82.74
83.2,81.79,82.86,81.81,82.84
83.3,81.89,82.96,81.91,82.94
83.4,81.99,83.06,82.01,83.04
83.5,82.09,83.16,82.10,83.13
83.6,82.19,83.26,82.20,83.23
83.7,82.29,83.35,82.30,83.33
83.8,82.38,83.45,82.40,83.43
83.9,82.48,83.55,82.50,83.53
84.0,82.58,83.65,82.59,83.63
84.1,82.68,83.75,82.69,83.73
84.2,82.78,83.85,82.79,83.83
84.3,82.87,83.95,82.89,83.93
84.4,82.97,84.05,82.99,84.03
84.5,83.07,84.15,83.08,84.13
84.6,83.17,84.25,83.18,84.23
84.7,83.27,84.35,83.28,84.33
84.8,83.37,84.45,83.38,84.43
84.9,83.46,84.55,83.48,84.53
85.0,83.56,84.65,83.58,84.63
85.1,83.66,84.75,83.67,84.72
85.2,83.76,84.84,83.77,84.82
85.3,83.86,84.94,83.87,84.92
85.4,83.96,85.04,83.97,85.02
85.5,84.05,85.14,84.07,85.12
85.6,84.15,85.24,84.16,85.22
85.7,84.25,85.34,84.26,85.32
85.8,84.35,85.44,84.36,85.42
85.9,84.45,85.54,84.46,85.52
86.0,84.55,85.64,84.56,85.62
86.1,84.64,85.74,84.66,85.72
86.2,84.74,85.84,84.75,85.82
86.3,84.84,85.94,84.85,85.92
86.4,84.94,86.04,84.95,86.02
86.5,85.04,86.14,85.05,86.12
86.6,85.14,86.23,85.15,86.21
86.7,85.24,86.33,85.25,86.31
86.8,85.33,86.43,85.34,86.41
86.9,85.43,86.53,85.44,86.51
87.0,85.53,86.63,85.54,86.61
87.1,85.63,86.73,85.64,86.71
87.2,85.73,86.83,85.74,86.81
87.3,85.83,86.93,85.84,86.91
87.4,85.93,87.03,85.94,87.01
87.5,86.02,87.13,86.03,87.11
87.6,86.12,87.23,86.13,87.21
87.7,86.22,87.33,86.23,87.31
87.8,86.32,87.43,86.33,87.41
87.9,86.42,87.52,86.43,87.51
88.0,86.52,87.62,86.53,87.60
88.1,86.62,87.72,86.63,87.70
88.2,86.72,87.82,86.72,87.80
88.3,86.81,87.92,86.82,87.90
88.4,86.91,88.02,86.92,88.00
88.5,87.01,88.12,87.02,88.10
88.6,87.11,88.22,87.12,88.20
88.7,87.21,88.32,87.22,88.30
88.8,87.31,88.42,87.32,88.40
88.9,87.41,88.52,87.42,88.50
89.0,87.51,88.61,87.51,88.60
89.1,87.61,88.71,87.61,88.70
89.2,87.71,88.81,87.71,88.80
89.3,87.81,88.91,87.81,88.89
89.4,87.90,89.01,87.91,88.99
89.5,88.00,89.11,88.01,89.09
89.6,88.10,89.21,88.11,89.19
89.7,88.20,89.31,88.21,89.29
89.8,88.30,89.41,88.31,89.39
89.9,88.40,89.51,88.41,89.49
90.0,88.50,89.60,88.51,89.59
90.1,88.60,89.70,88.60,89.69
90.2,88.70,89.80,88.70,89.79
90.3,88.80,89.90,88.80,89.89
90.4,88.90,90.00,88.90,89.98
90.5,89.00,90.10,89.00,90.08
90.6,89.10,90.20,89.10,90.18
90.7,89.20,90.30,89.20,90.28
90.8,89.30,90.40,89.30,90.38
90.9,89.40,90.49,89.40,90.48
91.0,89.50,90.59,89.50,90.58
91.1,89.60,90.69,89.60,90.68
91.2,89.70,90.79,89.70,90.78
91.3,89.80,90.89,89.80,90.88
91.4,89.90,90.99,89.90,90.98
91.5,90.00,91.09,90.00,91.07
91.6,90.10,91.19,90.10,91.17
91.7,90.20,91.28,90.20,91.27
91.8,90.30,91.38,90.30,91.37
91.9,90.40,91.48,90.40,91.47
92.0,90.50,91.58,90.50,91.57
92.1,90.60,91.68,90.60,91.67
92.2,90.70,91.78,90.70,91.77
92.3,90.80,91.88,90.80,91.87
92.4,90.90,91.97,90.90,91.97
92.5,91.00,92.07,91.00,92.06
92.6,91.10,92.17,91.10,92.16
92.7,91.20,92.27,91.20,92.26
92.8,91.30,92.37,91.30,92.36
92.9,91.40,92.47,91.40,92.46
93.0,91.50,92.57,91.50,92.56
93.1,91.60,92.66,91.60,92.66
93.2,91.71,92.76,91.70,92.76
93.3,91.81,92.86,91.81,92.86
93.4,91.91,92.96,91.91,92.95
93.5,92.01,93.06,92.01,93.05
93.6,92.11,93.16,92.11,93.15
93.7,92.21,93.26,92.21,93.25
93.8,92.31,93.35,92.31,93.35
93.9,92.41,93.45,92.41,93.45
94.0,92.52,93.55,92.51,93.55
94.1,92.62,93.65,92.61,93.65
94.2,92.72,93.75,92.72,93.75
94.3,92.82,93.85,92.82,93.84
94.4,92.92,93.94,92.92,93.94
94.5,93.02,94.04,93.02,94.04
94.6,93.13,94.14,93.12,94.14
94.7,93.23,94.24,93.22,94.24
94.8,93.33,94.34,93.33,94.34
94.9,93.43,94.43,93.43,94.44
95.0,93.53,94.53,93.53,94.54
95.1,93.64,94.63,93.63,94.63
95.2,93.74,94.73,93.73,94.73
95.3,93.84,94.83,93.84,94.83
95.4,93.94,94.93,93.94,94.93
95.5,94.05,95.02,94.04,95.03
95.6,94.15,95.12,94.14,95.13
95.7,94.25,95.22,94.25,95.23
95.8,94.36,95.32,94.35,95.33
95.9,94.46,95.42,94.45,95.42
96.0,94.56,95.51,94.56,95.52
96.1,94.66,95.61,94.66,95.62
96.2,94.77,95.71,94.76,95.72
96.3,94.87,95.81,94.86,95.82
96.4,94.97,95.91,94.97,95.92
96.5,95.08,96.00,95.07,96.02
96.6,95.18,96.10,95.17,96.11
96.7,95.29,96.20,95.28,96.21
96.8,95.39,96.30,95.38,96.31
96.9,95.49,96.39,95.49,96.41
97.0,95.60,96.49,95.59,96.51
