1.0,1.72,2.26,1.72,2.26,1.72,2.26,1.72,2.26
1.1,1.81,2.36,1.81,2.36,1.81,2.36,1.81,2.36
1.2,1.91,2.46,1.91,2.46,1.91,2.46,1.91,2.46
1.3,2.00,2.56,2.00,2.56,2.00,2.56,2.00,2.56
1.4,2.09,2.66,2.09,2.66,2.09,2.66,2.09,2.66
1.5,2.19,2.75,2.19,2.75,2.19,2.75,2.19,2.75
1.6,2.28,2.85,2.28,2.85,2.28,2.85,2.28,2.85
1.7,2.37,2.95,2.37,2.95,2.37,2.95,2.37,2.95
1.8,2.47,3.05,2.47,3.05,2.47,3.05,2.47,3.05
1.9,2.56,3.14,2.56,3.14,2.56,3.14,2.56,3.14
2.0,2.66,3.24,2.66,3.24,2.66,3.24,2.66,3.24
2.1,2.75,3.34,2.75,3.34,2.75,3.34,2.75,3.34
2.2,2.84,3.44,2.84,3.44,2.84,3.44,2.84,3.44
2.3,2.94,3.54,2.94,3.54,2.94,3.54,2.94,3.54
2.4,3.03,3.63,3.03,3.63,3.03,3.63,3.03,3.63
2.5,3.13,3.73,3.13,3.73,3.13,3.73,3.13,3.73
2.6,3.22,3.83,3.22,3.83,3.22,3.83,3.22,3.83
2.7,3.31,3.92,3.31,3.92,3.31,3.92,3.31,3.92
2.8,3.41,4.02,3.41,4.02,3.41,4.02,3.41,4.02
2.9,3.50,4.12,3.50,4.12,3.50,4.12,3.50,4.12
3.0,3.59,4.22,3.59,4.22,3.59,4.22,3.59,4.22
3.1,3.69,4.31,3.69,4.31,3.69,4.31,3.69,4.31
3.2,3.78,4.41,3.78,4.41,3.78,4.41,3.78,4.41
3.3,3.87,4.51,3.87,4.51,3.87,4.51,3.87,4.51
3.4,3.97,4.61,3.97,4.61,3.97,4.61,3.97,4.61
3.5,4.06,4.70,4.06,4.70,4.06,4.70,4.06,4.70
3.6,4.16,4.80,4.16,4.80,4.16,4.80,4.16,4.80
3.7,4.25,4.90,4.25,4.90,4.25,4.90,4.25,4.90
3.8,4.34,4.99,4.34,4.99,4.34,4.99,4.34,4.99
3.9,4.44,5.09,4.44,5.09,4.44,5.09,4.44,5.09
4.0,4.53,5.19,4.53,5.19,4.53,5.19,4.53,5.19
4.1,4.62,5.28,4.62,5.28,4.62,5.28,4.62,5.28
4.2,4.72,5.38,4.72,5.38,4.72,5.38,4.72,5.38
4.3,4.81,5.48,4.81,5.48,4.81,5.48,4.81,5.48
4.4,4.90,5.58,4.90,5.58,4.90,5.58,4.90,5.58
4.5,5.00,5.67,5.00,5.67,5.00,5.67,5.00,5.67
4.6,5.09,5.77,5.09,5.77,5.09,5.77,5.09,5.77
4.7,5.18,5.87,5.18,5.87,5.18,5.87,5.18,5.87
4.8,5.28,5.96,5.28,5.96,5.28,5.96,5.28,5.96
4.9,5.37,6.06,5.37,6.06,5.37,6.06,5.37,6.06
5.0,5.47,6.16,5.47,6.16,5.47,6.16,5.47,6.16
5.1,5.56,6.25,5.56,6.25,5.56,6.25,5.56,6.25
5.2,5.65,6.35,5.65,6.35,5.65,6.35,5.65,6.35
5.3,5.75,6.45,5.75,6.45,5.75,6.45,5.75,6.45
5.4,5.84,6.54,5.84,6.54,5.84,6.54,5.84,6.54
5.5,5.93,6.64,5.93,6.64,5.93,6.64,5.93,6.64
5.6,6.03,6.73,6.03,6.73,6.03,6.73,6.03,6.73
5.7,6.12,6.83,6.12,6.83,6.12,6.83,6.12,6.83
5.8,6.21,6.93,6.21,6.93,6.21,6.93,6.21,6.93
5.9,6.31,7.02,6.31,7.02,6.31,7.02,6.31,7.02
6.0,6.40,7.12,6.40,7.12,6.40,7.12,6.40,7.12
6.1,6.49,7.22,6.49,7.22,6.49,7.22,6.49,7.22
6.2,6.59,7.31,6.59,7.31,6.59,7.31,6.59,7.31
6.3,6.68,7.41,6.68,7.41,6.68,7.41,6.68,7.41
6.4,6.77,7.51,6.77,7.51,6.77,7.51,6.77,7.51
6.5,6.87,7.60,6.87,7.60,6.87,7.60,6.87,7.60
6.6,6.96,7.70,6.96,7.70,6.96,7.70,6.96,7.70
6.7,7.05,7.79,7.05,7.79,7.05,7.79,7.05,7.79
6.8,7.15,7.89,7.15,7.89,7.15,7.89,7.15,7.89
6.9,7.24,7.99,7.24,7.99,7.24,7.99,7.24,7.99
7.0,7.34,8.08,7.34,8.08,7.34,8.08,7.34,8.08
7.1,7.43,8.18,7.43,8.18,7.43,8.18,7.43,8.18
7.2,7.52,8.28,7.52,8.28,7.52,8.28,7.52,8.28
7.3,7.62,8.37,7.62,8.37,7.62,8.37,7.62,8.37
7.4,7.71,8.47,7.71,8.47,7.71,8.47,7.71,8.47
7.5,7.80,8.56,7.80,8.56,7.80,8.56,7.80,8.56
7.6,7.90,8.66,7.90,8.66,7.90,8.66,7.90,8.66
7.7,7.99,8.76,7.99,8.76,7.99,8.76,7.99,8.76
7.8,8.08,8.85,8.08,8.85,8.08,8.85,8.08,8.85
7.9,8.18,8.95,8.18,8.95,8.18,8.95,8.18,8.95
8.0,8.27,9.04,8.27,9.04,8.27,9.04,8.27,9.04
8.1,8.36,9.14,8.36,9.14,8.36,9.14,8.36,9.14
8.2,8.46,9.24,8.46,9.24,8.46,9.24,8.46,9.24
8.3,8.55,9.33,8.55,9.33,8.55,9.33,8.55,9.33
8.4,8.65,9.43,8.65,9.43,8.65,9.43,8.65,9.43
8.5,8.74,9.52,8.74,9.52,8.74,9.52,8.74,9.52
8.6,8.83,9.62,8.83,9.62,8.83,9.62,8.83,9.62
8.7,8.93,9.72,8.93,9.72,8.93,9.72,8.93,9.72
8.8,9.02,9.81,9.02,9.81,9.02,9.81,9.02,9.81
8.9,9.11,9.91,9.11,9.91,9.11,9.91,9.11,9.91
9.0,9.21,10.00,9.21,10.00,9.21,10.00,9.21,10.00
9.1,9.30,10.10,9.30,10.10,9.30,10.10,9.30,10.10
9.2,9.39,10.19,9.39,10.19,9.39,10.19,9.39,10.19
9.3,9.49,10.29,9.49,10.29,9.49,10.29,9.49,10.29
9.4,9.58,10.39,9.58,10.39,9.58,10.39,9.58,10.39
9.5,9.68,10.48,9.68,10.48,9.68,10.48,9.68,10.48
9.6,9.77,10.58,9.77,10.58,9.77,10.58,9.77,10.58
9.7,9.86,10.67,9.86,10.67,9.86,10.67,9.86,10.67
9.8,9.96,10.77,9.96,10.77,9.96,10.77,9.96,10.77
9.9,10.05,10.87,10.05,10.87,10.05,10.87,10.05,10.87
10.0,10.14,10.96,10.14,10.96,10.14,10.96,10.14,10.96
10.1,10.24,11.06,10.24,11.06,10.24,11.06,10.24,11.06
10.2,10.33,11.15,10.33,11.15,10.33,11.15,10.33,11.15
10.3,10.42,11.25,10.42,11.25,10.42,11.25,10.42,11.25
10.4,10.52,11.34,10.52,11.34,10.52,11.34,10.52,11.34
10.5,10.61,11.44,10.61,11.44,10.61,11.44,10.61,11.44
10.6,10.71,11.54,10.71,11.54,10.71,11.54,10.71,11.54
10.7,10.80,11.63,10.80,11.63,10.80,11.63,10.80,11.63
10.8,10.89,11.73,10.89,11.73,10.89,11.73,10.89,11.73
10.9,10.99,11.82,10.99,11.82,10.99,11.82,10.99,11.82
11.0,11.08,11.92,11.08,11.92,11.08,11.92,11.08,11.92
11.1,11.17,12.01,11.17,12.01,11.17,12.01,11.17,12.01
11.2,11.27,12.11,11.27,12.11,11.27,12.11,11.27,12.11
11.3,11.36,12.21,11.36,12.21,11.36,12.21,11.36,12.21
11.4,11.46,12.30,11.46,12.30,11.46,12.30,11.46,12.30
11.5,11.55,12.40,11.55,12.40,11.55,12.40,11.55,12.40
11.6,11.64,12.49,11.64,12.49,11.64,12.49,11.64,12.49
11.7,11.74,12.59,11.74,12.59,11.74,12.59,11.74,12.59
11.8,11.83,12.68,11.83,12.68,11.83,12.68,11.83,12.68
11.9,11.93,12.78,11.93,12.78,11.93,12.78,11.93,12.78
12.0,12.02,12.87,12.02,12.87,12.02,12.87,12.02,12.87
12.1,12.11,12.97,12.11,12.97,12.11,12.97,12.11,12.97
12.2,12.21,13.07,12.21,13.07,12.21,13.07,12.21,13.07
12.3,12.30,13.16,12.30,13.16,12.30,13.16,12.30,13.16
12.4,12.40,13.26,12.40,13.26,12.40,13.26,12.40,13.26
12.5,12.49,13.35,12.49,13.35,12.49,13.35,12.49,13.35
12.6,12.58,13.45,12.58,13.45,12.58,13.45,12.58,13.45
12.7,12.68,13.54,12.68,13.54,12.68,13.54,12.68,13.54
12.8,12.77,13.64,12.77,13.64,12.77,13.64,12.77,13.64
12.9,12.87,13.74,12.87,13.74,12.87,13.74,12.87,13.74
13.0,12.96,13.83,12.96,13.83,12.96,13.83,12.96,13.83
13.1,13.05,13.93,13.05,13.93,13.05,13.93,13.05,13.93
13.2,13.15,14.02,13.15,14.02,13.15,14.02,13.15,14.02
13.3,13.24,14.12,13.24,14.12,13.24,14.12,13.24,14.12
13.4,13.34,14.21,13.34,14.21,13.34,14.21,13.34,14.21
13.5,13.43,14.31,13.43,14.31,13.43,14.31,13.43,14.31
13.6,13.52,14.40,13.52,14.40,13.52,14.40,13.52,14.40
13.7,13.62,14.50,13.62,14.50,13.62,14.50,13.62,14.50
13.8,13.71,14.60,13.71,14.60,13.71,14.60,13.71,14.60
13.9,13.81,14.69,13.81,14.69,13.81,14.69,13.81,14.69
14.0,13.90,14.79,13.90,14.79,13.90,14.79,13.90,14.79
14.1,13.99,14.88,13.99,14.88,13.99,14.88,13.99,14.88
14.2,14.09,14.98,14.09,14.98,14.09,14.98,14.09,14.98
14.3,14.18,15.07,14.18,15.07,14.18,15.07,14.18,15.07
14.4,14.28,15.17,14.28,15.17,14.28,15.17,14.28,15.17
14.5,14.37,15.26,14.37,15.26,14.37,15.26,14.37,15.26
14.6,14.47,15.36,14.47,15.36,14.47,15.36,14.47,15.36
14.7,14.56,15.46,14.56,15.46,14.56,15.46,14.56,15.46
14.8,14.65,15.55,14.65,15.55,14.65,15.55,14.65,15.55
14.9,14.75,15.65,14.75,15.65,14.75,15.65,14.75,15.65
15.0,14.84,15.74,14.84,15.74,14.84,15.74,14.84,15.74
15.1,14.94,15.84,14.94,15.84,14.94,15.84,14.94,15.84
15.2,15.03,15.93,15.03,15.93,15.03,15.93,15.03,15.93
15.3,15.13,16.03,15.13,16.03,15.13,16.03,15.13,16.03
15.4,15.22,16.12,15.22,16.12,15.22,16.12,15.22,16.12
15.5,15.31,16.22,15.31,16.22,15.31,16.22,15.31,16.22
15.6,15.41,16.32,15.41,16.32,15.41,16.32,15.41,16.32
15.7,15.50,16.41,15.50,16.41,15.50,16.41,15.50,16.41
15.8,15.60,16.51,15.60,16.51,15.60,16.51,15.60,16.51
15.9,15.69,16.60,15.69,16.60,15.69,16.60,15.69,16.60
16.0,15.79,16.70,15.79,16.70,15.79,16.70,15.79,16.70
16.1,15.88,16.79,15.88,16.79,15.88,16.79,15.88,16.79
16.2,15.98,16.89,15.98,16.89,15.98,16.89,15.98,16.89
16.3,16.07,16.98,16.07,16.98,16.07,16.98,16.07,16.98
16.4,16.16,17.08,16.16,17.08,16.16,17.08,16.16,17.08
16.5,16.26,17.18,16.26,17.18,16.26,17.18,16.26,17.18
16.6,16.35,17.27,16.35,17.27,16.35,17.27,16.35,17.27
16.7,16.45,17.37,16.45,17.37,16.45,17.37,16.45,17.37
16.8,16.54,17.46,16.54,17.46,16.54,17.46,16.54,17.46
16.9,16.64,17.56,16.64,17.56,16.64,17.56,16.64,17.56
17.0,16.73,17.65,16.73,17.65,16.73,17.65,16.73,17.65
17.1,16.83,17.75,16.83,17.75,16.83,17.75,16.83,17.75
17.2,16.92,17.85,16.92,17.85,16.92,17.85,16.92,17.85
17.3,17.02,17.94,17.02,17.94,17.02,17.94,17.02,17.94
17.4,17.11,18.04,17.11,18.04,17.11,18.04,17.11,18.04
17.5,17.21,18.13,17.21,18.13,17.21,18.13,17.21,18.13
17.6,17.30,18.23,17.30,18.23,17.30,18.23,17.30,18.23
17.7,17.39,18.32,17.39,18.32,17.39,18.32,17.39,18.32
17.8,17.49,18.42,17.49,18.42,17.49,18.42,17.49,18.42
17.9,17.58,18.51,17.58,18.51,17.58,18.51,17.58,18.51
18.0,17.68,18.61,17.68,18.61,17.68,18.61,17.68,18.61
18.1,17.77,18.71,17.77,18.71,17.77,18.71,17.77,18.71
18.2,17.87,18.80,17.87,18.80,17.87,18.80,17.87,18.80
18.3,17.96,18.90,17.96,18.90,17.96,18.90,17.96,18.90
18.4,18.06,18.99,18.06,18.99,18.06,18.99,18.06,18.99
18.5,18.15,19.09,18.15,19.09,18.15,19.09,18.15,19.09
18.6,18.25,19.18,18.25,19.18,18.25,19.18,18.25,19.18
18.7,18.34,19.28,18.34,19.28,18.34,19.28,18.34,19.28
18.8,18.44,19.38,18.44,19.38,18.44,19.38,18.44,19.38
18.9,18.53,19.47,18.53,19.47,18.53,19.47,18.53,19.47
19.0,18.63,19.57,18.63,19.57,18.63,19.57,18.63,19.57
19.1,18.72,19.66,18.72,19.66,18.72,19.66,18.72,19.66
19.2,18.82,19.76,18.82,19.76,18.82,19.76,18.82,19.76
19.3,18.91,19.85,18.91,19.85,18.91,19.85,18.91,19.85
19.4,19.01,19.95,19.01,19.95,19.01,19.95,19.01,19.95
19.5,19.10,20.05,19.10,20.05,19.10,20.05,19.10,20.05
19.6,19.20,20.14,19.20,20.14,19.20,20.14,19.20,20.14
19.7,19.29,20.24,19.29,20.24,19.29,20.24,19.29,20.24
19.8,19.39,20.33,19.39,20.33,19.39,20.33,19.39,20.33
19.9,19.48,20.43,19.48,20.43,19.48,20.43,19.48,20.43
20.0,19.58,20.52,19.58,20.52,19.58,20.52,19.58,20.52
20.1,19.67,20.62,19.67,20.62,19.67,20.62,19.67,20.62
20.2,19.77,20.72,19.77,20.72,19.77,20.72,19.77,20.72
20.3,19.86,20.81,19.86,20.81,19.86,20.81,19.86,20.81
20.4,19.96,20.91,19.96,20.91,19.96,20.91,19.96,20.91
20.5,20.05,21.00,20.05,21.00,20.05,21.00,20.05,21.00
20.6,20.15,21.10,20.15,21.10,20.15,21.10,20.15,21.10
20.7,20.24,21.20,20.24,21.20,20.24,21.20,20.24,21.20
20.8,20.34,21.29,20.34,21.29,20.34,21.29,20.34,21.29
20.9,20.43,21.39,20.43,21.39,20.43,21.39,20.43,21.39
21.0,20.53,21.48,20.53,21.48,20.53,21.48,20.53,21.48
21.1,20.62,21.58,20.62,21.58,20.62,21.58,20.62,21.58
21.2,20.72,21.67,20.72,21.67,20.72,21.67,20.72,21.67
21.3,20.81,21.77,20.81,21.77,20.81,21.77,20.81,21.77
21.4,20.91,21.87,20.91,21.87,20.91,21.87,20.91,21.87
21.5,21.01,21.96,21.01,21.96,21.01,21.96,21.01,21.96
21.6,21.10,22.06,21.10,22.06,21.10,22.06,21.10,22.06
21.7,21.20,22.15,21.20,22.15,21.20,22.15,21.20,22.15
21.8,21.29,22.25,21.29,22.25,21.29,22.25,21.29,22.25
21.9,21.39,22.35,21.39,22.35,21.39,22.35,21.39,22.35
22.0,21.48,22.44,21.48,22.44,21.48,22.44,21.48,22.44
22.1,21.58,22.54,21.58,22.54,21.58,22.54,21.58,22.54
22.2,21.67,22.63,21.67,22.63,21.67,22.63,21.67,22.63
22.3,21.77,22.73,21.77,22.73,21.77,22.73,21.77,22.73
22.4,21.86,22.82,21.86,22.82,21.86,22.82,21.86,22.82
22.5,21.96,22.92,21.96,22.92,21.96,22.92,21.96,22.92
22.6,22.05,23.02,22.05,23.02,22.05,23.02,22.05,23.02
22.7,22.15,23.11,22.15,23.11,22.15,23.11,22.15,23.11
22.8,22.25,23.21,22.25,23.21,22.25,23.21,22.25,23.21
22.9,22.34,23.30,22.34,23.30,22.34,23.30,22.34,23.30
23.0,22.44,23.40,22.44,23.40,22.44,23.40,22.44,23.40
23.1,22.53,23.50,22.53,23.50,22.53,23.50,22.53,23.50
23.2,22.63,23.59,22.63,23.59,22.63,23.59,22.63,23.59
23.3,22.72,23.69,22.72,23.69,22.72,23.69,22.72,23.69
23.4,22.82,23.78,22.82,23.78,22.82,23.78,22.82,23.78
23.5,22.91,23.88,22.91,23.88,22.91,23.88,22.91,23.88
23.6,23.01,23.98,23.01,23.98,23.01,23.98,23.01,23.98
23.7,23.11,24.07,23.11,24.07,23.11,24.07,23.11,24.07
23.8,23.20,24.17,23.20,24.17,23.20,24.17,23.20,24.17
23.9,23.30,24.26,23.30,24.26,23.30,24.26,23.30,24.26
24.0,23.39,24.36,23.39,24.36,23.39,24.36,23.39,24.36
24.1,23.49,24.46,23.49,24.46,23.49,24.46,23.49,24.46
24.2,23.58,24.55,23.58,24.55,23.58,24.55,23.58,24.55
24.3,23.68,24.65,23.68,24.65,23.68,24.65,23.68,24.65
24.4,23.78,24.74,23.78,24.74,23.78,24.74,23.78,24.74
24.5,23.87,24.84,23.87,24.84,23.87,24.84,23.87,24.84
24.6,23.97,24.94,23.97,24.94,23.97,24.94,23.97,24.94
24.7,24.06,25.03,24.06,25.03,24.06,25.03,24.06,25.03
24.8,24.16,25.13,24.16,25.13,24.16,25.13,24.16,25.13
24.9,24.25,25.22,24.25,25.22,24.25,25.22,24.25,25.22
25.0,24.35,25.32,24.35,25.32,24.35,25.32,24.35,25.32
25.1,24.45,25.42,24.45,25.42,24.45,25.42,24.45,25.42
25.2,24.54,25.51,24.54,25.51,24.54,25.51,24.54,25.51
25.3,24.64,25.61,24.64,25.61,24.64,25.61,24.64,25.61
25.4,24.73,25.70,24.73,25.70,24.73,25.70,24.73,25.70
25.5,24.83,25.80,24.83,25.80,24.83,25.80,24.83,25.80
25.6,24.92,25.90,24.92,25.90,24.92,25.90,24.92,25.90
25.7,25.02,25.99,25.02,25.99,25.02,25.99,25.02,25.99
25.8,25.12,26.09,25.12,26.09,25.12,26.09,25.12,26.09
25.9,25.21,26.18,25.21,26.18,25.21,26.18,25.21,26.18
26.0,25.31,26.28,25.31,26.28,25.31,26.28,25.31,26.28
26.1,25.40,26.38,25.40,26.38,25.40,26.38,25.40,26.38
26.2,25.50,26.47,25.50,26.47,25.50,26.47,25.50,26.47
26.3,25.60,26.57,25.60,26.57,25.60,26.57,25.60,26.57
26.4,25.69,26.66,25.69,26.66,25.69,26.66,25.69,26.66
26.5,25.79,26.76,25.79,26.76,25.79,26.76,25.79,26.76
26.6,25.88,26.86,25.88,26.86,25.88,26.86,25.88,26.86
26.7,25.98,26.95,25.98,26.95,25.98,26.95,25.98,26.95
26.8,26.08,27.05,26.08,27.05,26.08,27.05,26.08,27.05
26.9,26.17,27.15,26.17,27.15,26.17,27.15,26.17,27.15
27.0,26.27,27.24,26.27,27.24,26.27,27.24,26.27,27.24
27.1,26.36,27.34,26.36,27.34,26.36,27.34,26.36,27.34
27.2,26.46,27.43,26.46,27.43,26.46,27.43,26.46,27.43
27.3,26.56,27.53,26.56,27.53,26.56,27.53,26.56,27.53
27.4,26.65,27.63,26.65,27.63,26.65,27.63,26.65,27.63
27.5,26.75,27.72,26.75,27.72,26.75,27.72,26.75,27.72
27.6,26.84,27.82,26.84,27.82,26.84,27.82,26.84,27.82
27.7,26.94,27.92,26.94,27.92,26.94,27.92,26.94,27.92
27.8,27.04,28.01,27.04,28.01,27.04,28.01,27.04,28.01
27.9,27.13,28.11,27.13,28.11,27.13,28.11,27.13,28.11
28.0,27.23,28.20,27.23,28.20,27.23,28.20,27.23,28.20
28.1,27.32,28.30,27.32,28.30,27.32,28.30,27.32,28.30
28.2,27.42,28.40,27.42,28.40,27.42,28.40,27.42,28.40
28.3,27.52,28.49,27.52,28.49,27.52,28.49,27.52,28.49
28.4,27.61,28.59,27.61,28.59,27.61,28.59,27.61,28.59
28.5,27.71,28.68,27.71,28.68,27.71,28.68,27.71,28.68
28.6,27.81,28.78,27.81,28.78,27.81,28.78,27.81,28.78
28.7,27.90,28.88,27.90,28.88,27.90,28.88,27.90,28.88
28.8,28.00,28.97,28.00,28.97,28.00,28.97,28.00,28.97
28.9,28.09,29.07,28.09,29.07,28.09,29.07,28.09,29.07
29.0,28.19,29.17,28.19,29.17,28.19,29.17,28.19,29.17
29.1,28.29,29.26,28.29,29.26,28.29,29.26,28.29,29.26
29.2,28.38,29.36,28.38,29.36,28.38,29.36,28.38,29.36
29.3,28.48,29.45,28.48,29.45,28.48,29.45,28.48,29.45
29.4,28.58,29.55,28.58,29.55,28.58,29.55,28.58,29.55
29.5,28.67,29.65,28.67,29.65,28.67,29.65,28.67,29.65
29.6,28.77,29.74,28.77,29.74,28.77,29.74,28.77,29.74
29.7,28.86,29.84,28.86,29.84,28.86,29.84,28.86,29.84
29.8,28.96,29.94,28.96,29.94,28.96,29.94,28.96,29.94
29.9,29.06,30.03,29.06,30.03,29.06,30.03,29.06,30.03
30.0,29.15,30.13,29.15,30.13,29.15,30.13,29.15,30.13
30.1,29.25,30.23,29.25,30.23,29.25,30.23,29.25,30.23
30.2,29.35,30.32,29.35,30.32,29.35,30.32,29.35,30.32
30.3,29.44,30.42,29.44,30.42,29.44,30.42,29.44,30.42
30.4,29.54,30.51,29.54,30.51,29.54,30.51,29.54,30.51
30.5,29.63,30.61,29.63,30.61,29.63,30.61,29.63,30.61
30.6,29.73,30.71,29.73,30.71,29.73,30.71,29.73,30.71
30.7,29.83,30.80,29.83,30.80,29.83,30.80,29.83,30.80
30.8,29.92,30.90,29.92,30.90,29.92,30.90,29.92,30.90
30.9,30.02,31.00,30.02,31.00,30.02,31.00,30.02,31.00
31.0,30.12,31.09,30.12,31.09,30.12,31.09,30.12,31.09
31.1,30.21,31.19,30.21,31.19,30.21,31.19,30.21,31.19
31.2,30.31,31.28,30.31,31.28,30.31,31.28,30.31,31.28
31.3,30.41,31.38,30.41,31.38,30.41,31.38,30.41,31.38
31.4,30.50,31.48,30.50,31.48,30.50,31.48,30.50,31.48
31.5,30.60,31.57,30.60,31.57,30.60,31.57,30.60,31.57
31.6,30.69,31.67,30.69,31.67,30.69,31.67,30.69,31.67
31.7,30.79,31.77,30.79,31.77,30.79,31.77,30.79,31.77
31.8,30.89,31.86,30.89,31.86,30.89,31.86,30.89,31.86
31.9,30.98,31.96,30.98,31.96,30.98,31.96,30.98,31.96
32.0,31.08,32.06,31.08,32.06,31.08,32.06,31.08,32.06
32.1,31.18,32.15,31.18,32.15,31.18,32.15,31.18,32.15
32.2,31.27,32.25,31.27,32.25,31.27,32.25,31.27,32.25
32.3,31.37,32.34,31.37,32.34,31.37,32.34,31.37,32.34
32.4,31.47,32.44,31.47,32.44,31.47,32.44,31.47,32.44
32.5,31.56,32.54,31.56,32.54,31.56,32.54,31.56,32.54
32.6,31.66,32.63,31.66,32.63,31.66,32.63,31.66,32.63
32.7,31.76,32.73,31.76,32.73,31.76,32.73,31.76,32.73
32.8,31.85,32.83,31.85,32.83,31.85,32.83,31.85,32.83
32.9,31.95,32.92,31.95,32.92,31.95,32.92,31.95,32.92
33.0,32.05,33.02,32.05,33.02,32.05,33.02,32.05,33.02
33.1,32.14,33.12,32.14,33.12,32.14,33.12,32.14,33.12
33.2,32.24,33.21,32.24,33.21,32.24,33.21,32.24,33.21
33.3,32.34,33.31,32.34,33.31,32.34,33.31,32.34,33.31
33.4,32.43,33.41,32.43,33.41,32.43,33.41,32.43,33.41
33.5,32.53,33.50,32.53,33.50,32.53,33.50,32.53,33.50
33.6,32.63,33.60,32.63,33.60,32.63,33.60,32.63,33.60
33.7,32.72,33.69,32.72,33.69,32.72,33.69,32.72,33.69
33.8,32.82,33.79,32.82,33.79,32.82,33.79,32.82,33.79
33.9,32.91,33.89,32.91,33.89,32.91,33.89,32.91,33.89
34.0,33.01,33.98,33.01,33.98,33.01,33.98,33.01,33.98
34.1,33.11,34.08,33.11,34.08,33.11,34.08,33.11,34.08
34.2,33.20,34.18,33.20,34.18,33.20,34.18,33.20,34.18
34.3,33.30,34.27,33.30,34.27,33.30,34.27,33.30,34.27
34.4,33.40,34.37,33.40,34.37,33.40,34.37,33.40,34.37
34.5,33.49,34.47,33.49,34.47,33.49,34.47,33.49,34.47
34.6,33.59,34.56,33.59,34.56,33.59,34.56,33.59,34.56
34.7,33.69,34.66,33.69,34.66,33.69,34.66,33.69,34.66
34.8,33.78,34.76,33.78,34.76,33.78,34.76,33.78,34.76
34.9,33.88,34.85,33.88,34.85,33.88,34.85,33.88,34.85
35.0,33.98,34.95,33.98,34.95,33.98,34.95,33.98,34.95
35.1,34.07,35.04,34.07,35.04,34.07,35.04,34.07,35.04
35.2,34.17,35.14,34.17,35.14,34.17,35.14,34.17,35.14
35.3,34.27,35.24,34.27,35.24,34.27,35.24,34.27,35.24
35.4,34.36,35.33,34.36,35.33,34.36,35.33,34.36,35.33
35.5,34.46,35.43,34.46,35.43,34.46,35.43,34.46,35.43
35.6,34.56,35.53,34.56,35.53,34.56,35.53,34.56,35.53
35.7,34.65,35.62,34.65,35.62,34.65,35.62,34.65,35.62
35.8,34.75,35.72,34.75,35.72,34.75,35.72,34.75,35.72
35.9,34.85,35.82,34.85,35.82,34.85,35.82,34.85,35.82
36.0,34.94,35.91,34.94,35.91,34.94,35.91,34.94,35.91
36.1,35.04,36.01,35.04,36.01,35.04,36.01,35.04,36.01
36.2,35.14,36.11,35.14,36.11,35.14,36.11,35.14,36.11
36.3,35.23,36.20,35.23,36.20,35.23,36.20,35.23,36.20
36.4,35.33,36.30,35.33,36.30,35.33,36.30,35.33,36.30
36.5,35.43,36.40,35.43,36.40,35.43,36.40,35.43,36.40
36.6,35.52,36.49,35.52,36.49,35.52,36.49,35.52,36.49
36.7,35.62,36.59,35.62,36.59,35.62,36.59,35.62,36.59
36.8,35.72,36.69,35.72,36.69,35.72,36.69,35.72,36.69
36.9,35.81,36.78,35.81,36.78,35.81,36.78,35.81,36.78
37.0,35.91,36.88,35.91,36.88,35.91,36.88,35.91,36.88
37.1,36.01,36.97,36.01,36.97,36.01,36.97,36.01,36.97
37.2,36.10,37.07,36.10,37.07,36.10,37.07,36.10,37.07
37.3,36.20,37.17,36.20,37.17,36.20,37.17,36.20,37.17
37.4,36.30,37.26,36.30,37.26,36.30,37.26,36.30,37.26
37.5,36.39,37.36,36.39,37.36,36.39,37.36,36.39,37.36
37.6,36.49,37.46,36.49,37.46,36.49,37.46,36.49,37.46
37.7,36.59,37.55,36.59,37.55,36.59,37.55,36.59,37.55
37.8,36.68,37.65,36.68,37.65,36.68,37.65,36.68,37.65
37.9,36.78,37.75,36.78,37.75,36.78,37.75,36.78,37.75
38.0,36.88,37.84,36.88,37.84,36.88,37.84,36.88,37.84
38.1,36.97,37.94,36.97,37.94,36.97,37.94,36.97,37.94
38.2,37.07,38.04,37.07,38.04,37.07,38.04,37.07,38.04
38.3,37.17,38.13,37.17,38.13,37.17,38.13,37.17,38.13
38.4,37.26,38.23,37.26,38.23,37.26,38.23,37.26,38.23
38.5,37.36,38.33,37.36,38.33,37.36,38.33,37.36,38.33
38.6,37.46,38.42,37.46,38.42,37.46,38.42,37.46,38.42
38.7,37.56,38.52,37.56,38.52,37.56,38.52,37.56,38.52
38.8,37.65,38.62,37.65,38.62,37.65,38.62,37.65,38.62
38.9,37.75,38.71,37.75,38.71,37.75,38.71,37.75,38.71
39.0,37.85,38.81,37.85,38.81,37.85,38.81,37.85,38.81
39.1,37.94,38.90,37.94,38.90,37.94,38.90,37.94,38.90
39.2,38.04,39.00,38.04,39.00,38.04,39.00,38.04,39.00
39.3,38.14,39.10,38.14,39.10,38.14,39.10,38.14,39.10
39.4,38.23,39.19,38.23,39.19,38.23,39.19,38.23,39.19
39.5,38.33,39.29,38.33,39.29,38.33,39.29,38.33,39.29
39.6,38.43,39.39,38.43,39.39,38.43,39.39,38.43,39.39
39.7,38.52,39.48,38.52,39.48,38.52,39.48,38.52,39.48
39.8,38.62,39.58,38.62,39.58,38.62,39.58,38.62,39.58
39.9,38.72,39.68,38.72,39.68,38.72,39.68,38.72,39.68
40.0,38.81,39.77,38.81,39.77,38.81,39.77,38.81,39.77
40.1,38.91,39.87,38.91,39.87,38.91,39.87,38.91,39.87
40.2,39.01,39.97,39.01,39.97,39.01,39.97,39.01,39.97
40.3,39.10,40.06,39.10,40.06,39.10,40.06,39.10,40.06
40.4,39.20,40.16,39.20,40.16,39.20,40.16,39.20,40.16
40.5,39.30,40.26,39.30,40.26,39.30,40.26,39.30,40.26
40.6,39.39,40.35,39.39,40.35,39.39,40.35,39.39,40.35
40.7,39.49,40.45,39.49,40.45,39.49,40.45,39.49,40.45
40.8,39.59,40.55,39.59,40.55,39.59,40.55,39.59,40.55
40.9,39.68,40.64,39.68,40.64,39.68,40.64,39.68,40.64
41.0,39.78,40.74,39.78,40.74,39.78,40.74,39.78,40.74
41.1,39.88,40.83,39.88,40.83,39.88,40.83,39.88,40.83
41.2,39.97,40.93,39.97,40.93,39.97,40.93,39.97,40.93
41.3,40.07,41.03,40.07,41.03,40.07,41.03,40.07,41.03
41.4,40.17,41.12,40.17,41.12,40.17,41.12,40.17,41.12
41.5,40.26,41.22,40.26,41.22,40.26,41.22,40.26,41.22
41.6,40.36,41.32,40.36,41.32,40.36,41.32,40.36,41.32
41.7,40.46,41.41,40.46,41.41,40.46,41.41,40.46,41.41
41.8,40.55,41.51,40.55,41.51,40.55,41.51,40.55,41.51
41.9,40.65,41.61,40.65,41.61,40.65,41.61,40.65,41.61
42.0,40.75,41.70,40.75,41.70,40.75,41.70,40.75,41.70
42.1,40.84,41.80,40.84,41.80,40.84,41.80,40.84,41.80
42.2,40.94,41.90,40.94,41.90,40.94,41.90,40.94,41.90
42.3,41.04,41.99,41.04,41.99,41.04,41.99,41.04,41.99
42.4,41.13,42.09,41.13,42.09,41.13,42.09,41.13,42.09
42.5,41.23,42.19,41.23,42.19,41.23,42.19,41.23,42.19
42.6,41.33,42.28,41.33,42.28,41.33,42.28,41.33,42.28
42.7,41.42,42.38,41.42,42.38,41.42,42.38,41.42,42.38
42.8,41.52,42.48,41.52,42.48,41.52,42.48,41.52,42.48
42.9,41.62,42.57,41.62,42.57,41.62,42.57,41.62,42.57
43.0,41.71,42.67,41.71,42.67,41.71,42.67,41.71,42.67
43.1,41.81,42.76,41.81,42.76,41.81,42.76,41.81,42.76
43.2,41.91,42.86,41.91,42.86,41.91,42.86,41.91,42.86
43.3,42.01,42.96,42.01,42.96,42.01,42.96,42.01,42.96
43.4,42.10,43.05,42.10,43.05,42.10,43.05,42.10,43.05
43.5,42.20,43.15,42.20,43.15,42.20,43.15,42.20,43.15
43.6,42.30,43.25,42.30,43.25,42.30,43.25,42.30,43.25
43.7,42.39,43.34,42.39,43.34,42.39,43.34,42.39,43.34
43.8,42.49,43.44,42.49,43.44,42.49,43.44,42.49,43.44
43.9,42.59,43.54,42.59,43.54,42.59,43.54,42.59,43.54
44.0,42.68,43.63,42.68,43.63,42.68,43.63,42.68,43.63
44.1,42.78,43.73,42.78,43.73,42.78,43.73,42.78,43.73
44.2,42.88,43.83,42.88,43.83,42.88,43.83,42.88,43.83
44.3,42.97,43.92,42.97,43.92,42.97,43.92,42.97,43.92
44.4,43.07,44.02,43.07,44.02,43.07,44.02,43.07,44.02
44.5,43.17,44.12,43.17,44.12,43.17,44.12,43.17,44.12
44.6,43.26,44.21,43.26,44.21,43.26,44.21,43.26,44.21
44.7,43.36,44.31,43.36,44.31,43.36,44.31,43.36,44.31
44.8,43.46,44.41,43.46,44.41,43.46,44.41,43.46,44.41
44.9,43.55,44.50,43.55,44.50,43.55,44.50,43.55,44.50
45.0,43.65,44.60,43.65,44.60,43.65,44.60,43.65,44.60
45.1,43.75,44.69,43.75,44.69,43.75,44.69,43.75,44.69
45.2,43.84,44.79,43.84,44.79,43.84,44.79,43.84,44.79
45.3,43.94,44.89,43.94,44.89,43.94,44.89,43.94,44.89
45.4,44.04,44.98,44.04,44.98,44.04,44.98,44.04,44.98
45.5,44.13,45.08,44.13,45.08,44.13,45.08,44.13,45.08
45.6,44.23,45.18,44.23,45.18,44.23,45.18,44.23,45.18
45.7,44.33,45.27,44.33,45.27,44.33,45.27,44.33,45.27
45.8,44.42,45.37,44.42,45.37,44.42,45.37,44.42,45.37
45.9,44.52,45.47,44.52,45.47,44.52,45.47,44.52,45.47
46.0,44.62,45.56,44.62,45.56,44.62,45.56,44.62,45.56
46.1,44.71,45.66,44.71,45.66,44.71,45.66,44.71,45.66
46.2,44.81,45.76,44.81,45.76,44.81,45.76,44.81,45.76
46.3,44.91,45.85,44.91,45.85,44.91,45.85,44.91,45.85
46.4,45.00,45.95,45.00,45.95,45.00,45.95,45.00,45.95
46.5,45.10,46.04,45.10,46.04,45.10,46.04,45.10,46.04
46.6,45.20,46.14,45.20,46.14,45.20,46.14,45.20,46.14
46.7,45.29,46.24,45.29,46.24,45.29,46.24,45.29,46.24
46.8,45.39,46.33,45.39,46.33,45.39,46.33,45.39,46.33
46.9,45.49,46.43,45.49,46.43,45.49,46.43,45.49,46.43
47.0,45.58,46.53,45.58,46.53,45.58,46.53,45.58,46.53
47.1,45.68,46.62,45.68,46.62,45.68,46.62,45.68,46.62
47.2,45.78,46.72,45.78,46.72,45.78,46.72,45.78,46.72
47.3,45.87,46.82,45.87,46.82,45.87,46.82,45.87,46.82
47.4,45.97,46.91,45.97,46.91,45.97,46.91,45.97,46.91
47.5,46.07,47.01,46.07,47.01,46.07,47.01,46.07,47.01
47.6,46.16,47.11,46.16,47.11,46.16,47.11,46.16,47.11
47.7,46.26,47.20,46.26,47.20,46.26,47.20,46.26,47.20
47.8,46.35,47.30,46.35,47.30,46.35,47.30,46.35,47.30
47.9,46.45,47.39,46.45,47.39,46.45,47.39,46.45,47.39
48.0,46.55,47.49,46.55,47.49,46.55,47.49,46.55,47.49
48.1,46.64,47.59,46.64,47.59,46.64,47.59,46.64,47.59
48.2,46.74,47.68,46.74,47.68,46.74,47.68,46.74,47.68
48.3,46.84,47.78,46.84,47.78,46.84,47.78,46.84,47.78
48.4,46.93,47.88,46.93,47.88,46.93,47.88,46.93,47.88
48.5,47.03,47.97,47.03,47.97,47.03,47.97,47.03,47.97
48.6,47.13,48.07,47.13,48.07,47.13,48.07,47.13,48.07
48.7,47.22,48.17,47.22,48.17,47.22,48.17,47.22,48.17
48.8,47.32,48.26,47.32,48.26,47.32,48.26,47.32,48.26
48.9,47.42,48.36,47.42,48.36,47.42,48.36,47.42,48.36
49.0,47.51,48.46,47.51,48.46,47.51,48.46,47.51,48.46
49.1,47.61,48.55,47.61,48.55,47.61,48.55,47.61,48.55
49.2,47.71,48.65,47.71,48.65,47.71,48.65,47.71,48.65
49.3,47.80,48.74,47.80,48.74,47.80,48.74,47.80,48.74
49.4,47.90,48.84,47.90,48.84,47.90,48.84,47.90,48.84
49.5,48.00,48.94,48.00,48.94,48.00,48.94,48.00,48.94
49.6,48.09,49.03,48.09,49.03,48.09,49.03,48.09,49.03
49.7,48.19,49.13,48.19,49.13,48.19,49.13,48.19,49.13
49.8,48.29,49.23,48.29,49.23,48.29,49.23,48.29,49.23
49.9,48.38,49.32,48.38,49.32,48.38,49.32,48.38,49.32
50.0,48.48,49.42,48.48,49.42,48.48,49.42,48.48,49.42
50.1,48.58,49.52,48.58,49.52,48.58,49.52,48.58,49.52
50.2,48.67,49.61,48.67,49.61,48.67,49.61,48.67,49.61
50.3,48.77,49.71,48.77,49.71,48.77,49.71,48.77,49.71
50.4,48.87,49.81,48.87,49.81,48.87,49.81,48.87,49.81
50.5,48.96,49.90,48.96,49.90,48.96,49.90,48.96,49.90
50.6,49.06,50.00,49.06,50.00,49.06,50.00,49.06,50.00
50.7,49.15,50.09,49.15,50.09,49.15,50.09,49.15,50.09
50.8,49.25,50.19,49.25,50.19,49.25,50.19,49.25,50.19
50.9,49.35,50.29,49.35,50.29,49.35,50.29,49.35,50.29
51.0,49.44,50.38,49.44,50.38,49.44,50.38,49.44,50.38
51.1,49.54,50.48,49.54,50.48,49.54,50.48,49.54,50.48
51.2,49.64,50.58,49.64,50.58,49.64,50.58,49.64,50.58
51.3,49.73,50.67,49.73,50.67,49.73,50.67,49.73,50.67
51.4,49.83,50.77,49.83,50.77,49.83,50.77,49.83,50.77
51.5,49.93,50.87,49.93,50.87,49.93,50.87,49.93,50.87
51.6,50.02,50.96,50.02,50.96,50.02,50.96,50.02,50.96
51.7,50.12,51.06,50.12,51.06,50.12,51.06,50.12,51.06
51.8,50.22,51.15,50.22,51.15,50.22,51.15,50.22,51.15
51.9,50.31,51.25,50.31,51.25,50.31,51.25,50.31,51.25
52.0,50.41,51.35,50.41,51.35,50.41,51.35,50.41,51.35
52.1,50.50,51.44,50.50,51.44,50.50,51.44,50.50,51.44
52.2,50.60,51.54,50.60,51.54,50.60,51.54,50.60,51.54
52.3,50.70,51.64,50.70,51.64,50.70,51.64,50.70,51.64
52.4,50.79,51.73,50.79,51.73,50.79,51.73,50.79,51.73
52.5,50.89,51.83,50.89,51.83,50.89,51.83,50.89,51.83
52.6,50.99,51.93,50.99,51.93,50.99,51.93,50.99,51.93
52.7,51.08,52.02,51.08,52.02,51.08,52.02,51.08,52.02
52.8,51.18,52.12,51.18,52.12,51.18,52.12,51.18,52.12
52.9,51.28,52.21,51.28,52.21,51.28,52.21,51.28,52.21
53.0,51.37,52.31,51.37,52.31,51.37,52.31,51.37,52.31
53.1,51.47,52.41,51.47,52.41,51.47,52.41,51.47,52.41
53.2,51.57,52.50,51.57,52.50,51.57,52.50,51.57,52.50
53.3,51.66,52.60,51.66,52.60,51.66,52.60,51.66,52.60
53.4,51.76,52.70,51.76,52.70,51.76,52.70,51.76,52.70
53.5,51.85,52.79,51.85,52.79,51.85,52.79,51.85,52.79
53.6,51.95,52.89,51.95,52.89,51.95,52.89,51.95,52.89
53.7,52.05,52.99,52.05,52.99,52.05,52.99,52.05,52.99
53.8,52.14,53.08,52.14,53.08,52.14,53.08,52.14,53.08
53.9,52.24,53.18,52.24,53.18,52.24,53.18,52.24,53.18
54.0,52.34,53.27,52.34,53.27,52.34,53.27,52.34,53.27
54.1,52.43,53.37,52.43,53.37,52.43,53.37,52.43,53.37
54.2,52.53,53.47,52.53,53.47,52.53,53.47,52.53,53.47
54.3,52.63,53.56,52.63,53.56,52.63,53.56,52.63,53.56
54.4,52.72,53.66,52.72,53.66,52.72,53.66,52.72,53.66
54.5,52.82,53.76,52.82,53.76,52.82,53.76,52.82,53.76
54.6,52.91,53.85,52.91,53.85,52.91,53.85,52.91,53.85
54.7,53.01,53.95,53.01,53.95,53.01,53.95,53.01,53.95
54.8,53.11,54.04,53.11,54.04,53.11,54.04,53.11,54.04
54.9,53.20,54.14,53.20,54.14,53.20,54.14,53.20,54.14
55.0,53.30,54.24,53.30,54.24,53.30,54.24,53.30,54.24
55.1,53.40,54.33,53.40,54.33,53.40,54.33,53.40,54.33
55.2,53.49,54.43,53.49,54.43,53.49,54.43,53.49,54.43
55.3,53.59,54.53,53.59,54.53,53.59,54.53,53.59,54.53
55.4,53.69,54.62,53.69,54.62,53.69,54.62,53.69,54.62
55.5,53.78,54.72,53.78,54.72,53.78,54.72,53.78,54.72
55.6,53.88,54.82,53.88,54.82,53.88,54.82,53.88,54.82
55.7,53.97,54.91,53.97,54.91,53.97,54.91,53.97,54.91
55.8,54.07,55.01,54.07,55.01,54.07,55.01,54.07,55.01
55.9,54.17,55.10,54.17,55.10,54.17,55.10,54.17,55.10
56.0,54.26,55.20,54.26,55.20,54.26,55.20,54.26,55.20
56.1,54.36,55.30,54.36,55.30,54.36,55.30,54.36,55.30
56.2,54.46,55.39,54.46,55.39,54.46,55.39,54.46,55.39
56.3,54.55,55.49,54.55,55.49,54.55,55.49,54.55,55.49
56.4,54.65,55.59,54.65,55.59,54.65,55.59,54.65,55.59
56.5,54.74,55.68,54.74,55.68,54.74,55.68,54.74,55.68
56.6,54.84,55.78,54.84,55.78,54.84,55.78,54.84,55.78
56.7,54.94,55.88,54.94,55.88,54.94,55.88,54.94,55.88
56.8,55.03,55.97,55.03,55.97,55.03,55.97,55.03,55.97
56.9,55.13,56.07,55.13,56.07,55.13,56.07,55.13,56.07
57.0,55.23,56.16,55.23,56.16,55.23,56.16,55.23,56.16
57.1,55.32,56.26,55.32,56.26,55.32,56.26,55.32,56.26
57.2,55.42,56.36,55.42,56.36,55.42,56.36,55.42,56.36
57.3,55.51,56.45,55.51,56.45,55.51,56.45,55.51,56.45
57.4,55.61,56.55,55.61,56.55,55.61,56.55,55.61,56.55
57.5,55.71,56.65,55.71,56.65,55.71,56.65,55.71,56.65
57.6,55.80,56.74,55.80,56.74,55.80,56.74,55.80,56.74
57.7,55.90,56.84,55.90,56.84,55.90,56.84,55.90,56.84
57.8,56.00,56.93,56.00,56.93,56.00,56.93,56.00,56.93
57.9,56.09,57.03,56.09,57.03,56.09,57.03,56.09,57.03
58.0,56.19,57.13,56.19,57.13,56.19,57.13,56.19,57.13
58.1,56.28,57.22,56.28,57.22,56.28,57.22,56.28,57.22
58.2,56.38,57.32,56.38,57.32,56.38,57.32,56.38,57.32
58.3,56.48,57.42,56.48,57.42,56.48,57.42,56.48,57.42
58.4,56.57,57.51,56.57,57.51,56.57,57.51,56.57,57.51
58.5,56.67,57.61,56.67,57.61,56.67,57.61,56.67,57.61
58.6,56.77,57.70,56.77,57.70,56.77,57.70,56.77,57.70
58.7,56.86,57.80,56.86,57.80,56.86,57.80,56.86,57.80
58.8,56.96,57.90,56.96,57.90,56.96,57.90,56.96,57.90
58.9,57.05,57.99,57.05,57.99,57.05,57.99,57.05,57.99
59.0,57.15,58.09,57.15,58.09,57.15,58.09,57.15,58.09
59.1,57.25,58.19,57.25,58.19,57.25,58.19,57.25,58.19
59.2,57.34,58.28,57.34,58.28,57.34,58.28,57.34,58.28
59.3,57.44,58.38,57.44,58.38,57.44,58.38,57.44,58.38
59.4,57.53,58.48,57.53,58.48,57.53,58.48,57.53,58.48
59.5,57.63,58.57,57.63,58.57,57.63,58.57,57.63,58.57
59.6,57.73,58.67,57.73,58.67,57.73,58.67,57.73,58.67
59.7,57.82,58.76,57.82,58.76,57.82,58.76,57.82,58.76
59.8,57.92,58.86,57.92,58.86,57.92,58.86,57.92,58.86
59.9,58.02,58.96,58.02,58.96,58.02,58.96,58.02,58.96
60.0,58.11,59.05,58.11,59.05,58.11,59.05,58.11,59.05
60.1,58.21,59.15,58.21,59.15,58.21,59.15,58.21,59.15
60.2,58.30,59.25,58.30,59.25,58.30,59.25,58.30,59.25
60.3,58.40,59.34,58.40,59.34,58.40,59.34,58.40,59.34
60.4,58.50,59.44,58.50,59.44,58.50,59.44,58.50,59.44
60.5,58.59,59.53,58.59,59.53,58.59,59.53,58.59,59.53
60.6,58.69,59.63,58.69,59.63,58.69,59.63,58.69,59.63
60.7,58.78,59.73,58.78,59.73,58.78,59.73,58.78,59.73
60.8,58.88,59.82,58.88,59.82,58.88,59.82,58.88,59.82
60.9,58.98,59.92,58.98,59.92,58.98,59.92,58.98,59.92
61.0,59.07,60.02,59.07,60.02,59.07,60.02,59.07,60.02
61.1,59.17,60.11,59.17,60.11,59.17,60.11,59.17,60.11
61.2,59.27,60.21,59.27,60.21,59.27,60.21,59.27,60.21
61.3,59.36,60.31,59.36,60.31,59.36,60.31,59.36,60.31
61.4,59.46,60.40,59.46,60.40,59.46,60.40,59.46,60.40
61.5,59.55,60.50,59.55,60.50,59.55,60.50,59.55,60.50
61.6,59.65,60.59,59.65,60.59,59.65,60.59,59.65,60.59
61.7,59.75,60.69,59.75,60.69,59.75,60.69,59.75,60.69
61.8,59.84,60.79,59.84,60.79,59.84,60.79,59.84,60.79
61.9,59.94,60.88,59.94,60.88,59.94,60.88,59.94,60.88
62.0,60.03,60.98,60.03,60.98,60.03,60.98,60.03,60.98
62.1,60.13,61.08,60.13,61.08,60.13,61.08,60.13,61.08
62.2,60.23,61.17,60.23,61.17,60.23,61.17,60.23,61.17
62.3,60.32,61.27,60.32,61.27,60.32,61.27,60.32,61.27
62.4,60.42,61.36,60.42,61.36,60.42,61.36,60.42,61.36
62.5,60.52,61.46,60.52,61.46,60.52,61.46,60.52,61.46
62.6,60.61,61.56,60.61,61.56,60.61,61.56,60.61,61.56
62.7,60.71,61.65,60.71,61.65,60.71,61.65,60.71,61.65
62.8,60.80,61.75,60.80,61.75,60.80,61.75,60.80,61.75
62.9,60.90,61.85,60.90,61.85,60.90,61.85,60.90,61.85
63.0,61.00,61.94,61.00,61.94,61.00,61.94,61.00,61.94
63.1,61.09,62.04,61.09,62.04,61.09,62.04,61.09,62.04
63.2,61.19,62.14,61.19,62.14,61.19,62.14,61.19,62.14
63.3,61.28,62.23,61.28,62.23,61.28,62.23,61.28,62.23
63.4,61.38,62.33,61.38,62.33,61.38,62.33,61.38,62.33
63.5,61.48,62.42,61.48,62.42,61.48,62.42,61.48,62.42
63.6,61.57,62.52,61.57,62.52,61.57,62.52,61.57,62.52
63.7,61.67,62.62,61.67,62.62,61.67,62.62,61.67,62.62
63.8,61.77,62.71,61.77,62.71,61.77,62.71,61.77,62.71
63.9,61.86,62.81,61.86,62.81,61.86,62.81,61.86,62.81
64.0,61.96,62.91,61.96,62.91,61.96,62.91,61.96,62.91
64.1,62.05,63.00,62.05,63.00,62.05,63.00,62.05,63.00
64.2,62.15,63.10,62.15,63.10,62.15,63.10,62.15,63.10
64.3,62.25,63.19,62.25,63.19,62.25,63.19,62.25,63.19
64.4,62.34,63.29,62.34,63.29,62.34,63.29,62.34,63.29
64.5,62.44,63.39,62.44,63.39,62.44,63.39,62.44,63.39
64.6,62.53,63.48,62.53,63.48,62.53,63.48,62.53,63.48
64.7,62.63,63.58,62.63,63.58,62.63,63.58,62.63,63.58
64.8,62.73,63.68,62.73,63.68,62.73,63.68,62.73,63.68
64.9,62.82,63.77,62.82,63.77,62.82,63.77,62.82,63.77
65.0,62.92,63.87,62.92,63.87,62.92,63.87,62.92,63.87
65.1,63.01,63.97,63.01,63.97,63.01,63.97,63.01,63.97
65.2,63.11,64.06,63.11,64.06,63.11,64.06,63.11,64.06
65.3,63.21,64.16,63.21,64.16,63.21,64.16,63.21,64.16
65.4,63.30,64.25,63.30,64.25,63.30,64.25,63.30,64.25
65.5,63.40,64.35,63.40,64.35,63.40,64.35,63.40,64.35
65.6,63.50,64.45,63.50,64.45,63.50,64.45,63.50,64.45
65.7,63.59,64.54,63.59,64.54,63.59,64.54,63.59,64.54
65.8,63.69,64.64,63.69,64.64,63.69,64.64,63.69,64.64
65.9,63.78,64.74,63.78,64.74,63.78,64.74,63.78,64.74
66.0,63.88,64.83,63.88,64.83,63.88,64.83,63.88,64.83
66.1,63.98,64.93,63.98,64.93,63.98,64.93,63.98,64.93
66.2,64.07,65.03,64.07,65.03,64.07,65.03,64.07,65.03
66.3,64.17,65.12,64.17,65.12,64.17,65.12,64.17,65.12
66.4,64.26,65.22,64.26,65.22,64.26,65.22,64.26,65.22
66.5,64.36,65.31,64.36,65.31,64.36,65.31,64.36,65.31
66.6,64.46,65.41,64.46,65.41,64.46,65.41,64.46,65.41
66.7,64.55,65.51,64.55,65.51,64.55,65.51,64.55,65.51
66.8,64.65,65.60,64.65,65.60,64.65,65.60,64.65,65.60
66.9,64.75,65.70,64.75,65.70,64.75,65.70,64.75,65.70
67.0,64.84,65.80,64.84,65.80,64.84,65.80,64.84,65.80
67.1,64.94,65.89,64.94,65.89,64.94,65.89,64.94,65.89
67.2,65.03,65.99,65.03,65.99,65.03,65.99,65.03,65.99
67.3,65.13,66.08,65.13,66.08,65.13,66.08,65.13,66.08
67.4,65.23,66.18,65.23,66.18,65.23,66.18,65.23,66.18
67.5,65.32,66.28,65.32,66.28,65.32,66.28,65.32,66.28
67.6,65.42,66.37,65.42,66.37,65.42,66.37,65.42,66.37
67.7,65.51,66.47,65.51,66.47,65.51,66.47,65.51,66.47
67.8,65.61,66.57,65.61,66.57,65.61,66.57,65.61,66.57
67.9,65.71,66.66,65.71,66.66,65.71,66.66,65.71,66.66
68.0,65.80,66.76,65.80,66.76,65.80,66.76,65.80,66.76
68.1,65.90,66.86,65.90,66.86,65.90,66.86,65.90,66.86
68.2,65.99,66.95,65.99,66.95,65.99,66.95,65.99,66.95
68.3,66.09,67.05,66.09,67.05,66.09,67.05,66.09,67.05
68.4,66.19,67.14,66.19,67.14,66.19,67.14,66.19,67.14
68.5,66.28,67.24,66.28,67.24,66.28,67.24,66.28,67.24
68.6,66.38,67.34,66.38,67.34,66.38,67.34,66.38,67.34
68.7,66.48,67.43,66.48,67.43,66.48,67.43,66.48,67.43
68.8,66.57,67.53,66.57,67.53,66.57,67.53,66.57,67.53
68.9,66.67,67.63,66.67,67.63,66.67,67.63,66.67,67.63
69.0,66.76,67.72,66.76,67.72,66.76,67.72,66.76,67.72
69.1,66.86,67.82,66.86,67.82,66.86,67.82,66.86,67.82
69.2,66.96,67.92,66.96,67.92,66.96,67.92,66.96,67.92
69.3,67.05,68.01,67.05,68.01,67.05,68.01,67.05,68.01
69.4,67.15,68.11,67.15,68.11,67.15,68.11,67.15,68.11
69.5,67.25,68.20,67.25,68.20,67.25,68.20,67.25,68.20
69.6,67.34,68.30,67.34,68.30,67.34,68.30,67.34,68.30
69.7,67.44,68.40,67.44,68.40,67.44,68.40,67.44,68.40
69.8,67.53,68.49,67.53,68.49,67.53,68.49,67.53,68.49
69.9,67.63,68.59,67.63,68.59,67.63,68.59,67.63,68.59
70.0,67.73,68.69,67.73,68.69,67.73,68.69,67.73,68.69
70.1,67.82,68.78,67.82,68.78,67.82,68.78,67.82,68.78
70.2,67.92,68.88,67.92,68.88,67.92,68.88,67.92,68.88
70.3,68.01,68.97,68.01,68.97,68.01,68.97,68.01,68.97
70.4,68.11,69.07,68.11,69.07,68.11,69.07,68.11,69.07
70.5,68.21,69.17,68.21,69.17,68.21,69.17,68.21,69.17
70.6,68.30,69.26,68.30,69.26,68.30,69.26,68.30,69.26
70.7,68.40,69.36,68.40,69.36,68.40,69.36,68.40,69.36
70.8,68.50,69.46,68.50,69.46,68.50,69.46,68.50,69.46
70.9,68.59,69.55,68.59,69.55,68.59,69.55,68.59,69.55
71.0,68.69,69.65,68.69,69.65,68.69,69.65,68.69,69.65
71.1,68.78,69.75,68.78,69.75,68.78,69.75,68.78,69.75
71.2,68.88,69.84,68.88,69.84,68.88,69.84,68.88,69.84
71.3,68.98,69.94,68.98,69.94,68.98,69.94,68.98,69.94
71.4,69.07,70.03,69.07,70.03,69.07,70.03,69.07,70.03
71.5,69.17,70.13,69.17,70.13,69.17,70.13,69.17,70.13
71.6,69.27,70.23,69.27,70.23,69.27,70.23,69.27,70.23
71.7,69.36,70.32,69.36,70.32,69.36,70.32,69.36,70.32
71.8,69.46,70.42,69.46,70.42,69.46,70.42,69.46,70.42
71.9,69.55,70.52,69.55,70.52,69.55,70.52,69.55,70.52
72.0,69.65,70.61,69.65,70.61,69.65,70.61,69.65,70.61
72.1,69.75,70.71,69.75,70.71,69.75,70.71,69.75,70.71
72.2,69.84,70.80,69.84,70.80,69.84,70.80,69.84,70.80
72.3,69.94,70.90,69.94,70.90,69.94,70.90,69.94,70.90
72.4,70.04,71.00,70.04,71.00,70.04,71.00,70.04,71.00
72.5,70.13,71.09,70.13,71.09,70.13,71.09,70.13,71.09
72.6,70.23,71.19,70.23,71.19,70.23,71.19,70.23,71.19
72.7,70.32,71.29,70.32,71.29,70.32,71.29,70.32,71.29
72.8,70.42,71.38,70.42,71.38,70.42,71.38,70.42,71.38
72.9,70.52,71.48,70.52,71.48,70.52,71.48,70.52,71.48
73.0,70.61,71.58,70.61,71.58,70.61,71.58,70.61,71.58
73.1,70.71,71.67,70.71,71.67,70.71,71.67,70.71,71.67
73.2,70.81,71.77,70.81,71.77,70.81,71.77,70.81,71.77
73.3,70.90,71.86,70.90,71.86,70.90,71.86,70.90,71.86
73.4,71.00,71.96,71.00,71.96,71.00,71.96,71.00,71.96
73.5,71.09,72.06,71.09,72.06,71.09,72.06,71.09,72.06
73.6,71.19,72.15,71.19,72.15,71.19,72.15,71.19,72.15
73.7,71.29,72.25,71.29,72.25,71.29,72.25,71.29,72.25
73.8,71.38,72.35,71.38,72.35,71.38,72.35,71.38,72.35
73.9,71.48,72.44,71.48,72.44,71.48,72.44,71.48,72.44
74.0,71.58,72.54,71.58,72.54,71.58,72.54,71.58,72.54
74.1,71.67,72.63,71.67,72.63,71.67,72.63,71.67,72.63
74.2,71.77,72.73,71.77,72.73,71.77,72.73,71.77,72.73
74.3,71.86,72.83,71.86,72.83,71.86,72.83,71.86,72.83
74.4,71.96,72.92,71.96,72.92,71.96,72.92,71.96,72.92
74.5,72.06,73.02,72.06,73.02,72.06,73.02,72.06,73.02
74.6,72.15,73.11,72.15,73.11,72.15,73.11,72.15,73.11
74.7,72.25,73.21,72.25,73.21,72.25,73.21,72.25,73.21
74.8,72.35,73.31,72.35,73.31,72.35,73.31,72.35,73.31
74.9,72.44,73.40,72.44,73.40,72.44,73.40,72.44,73.40
75.0,72.54,73.50,72.54,73.50,72.54,73.50,72.54,73.50
75.1,72.64,73.60,72.64,73.60,72.64,73.60,72.64,73.60
75.2,72.73,73.69,72.73,73.69,72.73,73.69,72.73,73.69
75.3,72.83,73.79,72.83,73.79,72.83,73.79,72.83,73.79
75.4,72.92,73.88,72.92,73.88,72.92,73.88,72.92,73.88
75.5,73.02,73.98,73.02,73.98,73.02,73.98,73.02,73.98
75.6,73.12,74.08,73.12,74.08,73.12,74.08,73.12,74.08
75.7,73.21,74.17,73.21,74.17,73.21,74.17,73.21,74.17
75.8,73.31,74.27,73.31,74.27,73.31,74.27,73.31,74.27
75.9,73.41,74.37,73.41,74.37,73.41,74.37,73.41,74.37
76.0,73.50,74.46,73.50,74.46,73.50,74.46,73.50,74.46
76.1,73.60,74.56,73.60,74.56,73.60,74.56,73.60,74.56
76.2,73.70,74.65,73.70,74.65,73.70,74.65,73.70,74.65
76.3,73.79,74.75,73.79,74.75,73.79,74.75,73.79,74.75
76.4,73.89,74.85,73.89,74.85,73.89,74.85,73.89,74.85
76.5,73.98,74.94,73.98,74.94,73.98,74.94,73.98,74.94
76.6,74.08,75.04,74.08,75.04,74.08,75.04,74.08,75.04
76.7,74.18,75.13,74.18,75.13,74.18,75.13,74.18,75.13
76.8,74.27,75.23,74.27,75.23,74.27,75.23,74.27,75.23
76.9,74.37,75.33,74.37,75.33,74.37,75.33,74.37,75.33
77.0,74.47,75.42,74.47,75.42,74.47,75.42,74.47,75.42
77.1,74.56,75.52,74.56,75.52,74.56,75.52,74.56,75.52
77.2,74.66,75.61,74.66,75.61,74.66,75.61,74.66,75.61
77.3,74.76,75.71,74.76,75.71,74.76,75.71,74.76,75.71
77.4,74.85,75.81,74.85,75.81,74.85,75.81,74.85,75.81
77.5,74.95,75.90,74.95,75.90,74.95,75.90,74.95,75.90
77.6,75.05,76.00,75.05,76.00,75.05,76.00,75.05,76.00
77.7,75.14,76.09,75.14,76.09,75.14,76.09,75.14,76.09
77.8,75.24,76.19,75.24,76.19,75.24,76.19,75.24,76.19
77.9,75.33,76.29,75.33,76.29,75.33,76.29,75.33,76.29
78.0,75.43,76.38,75.43,76.38,75.43,76.38,75.43,76.38
78.1,75.53,76.48,75.53,76.48,75.53,76.48,75.53,76.48
78.2,75.62,76.57,75.62,76.57,75.62,76.57,75.62,76.57
78.3,75.72,76.67,75.72,76.67,75.72,76.67,75.72,76.67
78.4,75.82,76.77,75.82,76.77,75.82,76.77,75.82,76.77
78.5,75.91,76.86,75.91,76.86,75.91,76.86,75.91,76.86
78.6,76.01,76.96,76.01,76.96,76.01,76.96,76.01,76.96
78.7,76.11,77.05,76.11,77.05,76.11,77.05,76.11,77.05
78.8,76.20,77.15,76.20,77.15,76.20,77.15,76.20,77.15
78.9,76.30,77.24,76.30,77.24,76.30,77.24,76.30,77.24
79.0,76.40,77.34,76.40,77.34,76.40,77.34,76.40,77.34
79.1,76.49,77.44,76.49,77.44,76.49,77.44,76.49,77.44
79.2,76.59,77.53,76.59,77.53,76.59,77.53,76.59,77.53
79.3,76.69,77.63,76.69,77.63,76.69,77.63,76.69,77.63
79.4,76.78,77.72,76.78,77.72,76.78,77.72,76.78,77.72
79.5,76.88,77.82,76.88,77.82,76.88,77.82,76.88,77.82
79.6,76.97,77.92,76.97,77.92,76.97,77.92,76.97,77.92
79.7,77.07,78.01,77.07,78.01,77.07,78.01,77.07,78.01
79.8,77.17,78.11,77.17,78.11,77.17,78.11,77.17,78.11
79.9,77.26,78.20,77.26,78.20,77.26,78.20,77.26,78.20
80.0,77.36,78.30,77.36,78.30,77.36,78.30,77.36,78.30
80.1,77.46,78.39,77.46,78.39,77.46,78.39,77.46,78.39
80.2,77.55,78.49,77.55,78.49,77.55,78.49,77.55,78.49
80.3,77.65,78.59,77.65,78.59,77.65,78.59,77.65,78.59
80.4,77.75,78.68,77.75,78.68,77.75,78.68,77.75,78.68
80.5,77.84,78.78,77.84,78.78,77.84,78.78,77.84,78.78
80.6,77.94,78.87,77.94,78.87,77.94,78.87,77.94,78.87
80.7,78.04,78.97,78.04,78.97,78.04,78.97,78.04,78.97
80.8,78.13,79.06,78.13,79.06,78.13,79.06,78.13,79.06
80.9,78.23,79.16,78.23,79.16,78.23,79.16,78.23,79.16
81.0,78.33,79.25,78.33,79.25,78.33,79.25,78.33,79.25
81.1,78.42,79.35,78.42,79.35,78.42,79.35,78.42,79.35
81.2,78.52,79.44,78.52,79.44,78.52,79.44,78.52,79.44
81.3,78.62,79.54,78.62,79.54,78.62,79.54,78.62,79.54
81.4,78.71,79.64,78.71,79.64,78.71,79.64,78.71,79.64
81.5,78.81,79.73,78.81,79.73,78.81,79.73,78.81,79.73
81.6,78.91,79.83,78.91,79.83,78.91,79.83,78.91,79.83
81.7,79.00,79.92,79.00,79.92,79.00,79.92,79.00,79.92
81.8,79.10,80.02,79.10,80.02,79.10,80.02,79.10,80.02
81.9,79.19,80.11,79.19,80.11,79.19,80.11,79.19,80.11
82.0,79.29,80.21,79.29,80.21,79.29,80.21,79.29,80.21
82.1,79.39,80.30,79.39,80.30,79.39,80.30,79.39,80.30
82.2,79.48,80.40,79.48,80.40,79.48,80.40,79.48,80.40
82.3,79.58,80.49,79.58,80.49,79.58,80.49,79.58,80.49
82.4,79.68,80.59,79.68,80.59,79.68,80.59,79.68,80.59
82.5,79.77,80.68,79.77,80.68,79.77,80.68,79.77,80.68
82.6,79.87,80.78,79.87,80.78,79.87,80.78,79.87,80.78
82.7,79.97,80.87,79.97,80.87,79.97,80.87,79.97,80.87
82.8,80.06,80.97,80.06,80.97,80.06,80.97,80.06,80.97
82.9,80.16,81.06,80.16,81.06,80.16,81.06,80.16,81.06
83.0,80.26,81.16,80.26,81.16,80.26,81.16,80.26,81.16
83.1,80.35,81.25,80.35,81.25,80.35,81.25,80.35,81.25
83.2,80.45,81.35,80.45,81.35,80.45,81.35,80.45,81.35
83.3,80.55,81.44,80.55,81.44,80.55,81.44,80.55,81.44
83.4,80.64,81.54,80.64,81.54,80.64,81.54,80.64,81.54
83.5,80.74,81.63,80.74,81.63,80.74,81.63,80.74,81.63
83.6,80.84,81.73,80.84,81.73,80.84,81.73,80.84,81.73
83.7,80.93,81.82,80.93,81.82,80.93,81.82,80.93,81.82
83.8,81.03,81.92,81.03,81.92,81.03,81.92,81.03,81.92
83.9,81.13,82.01,81.13,82.01,81.13,82.01,81.13,82.01
84.0,81.22,82.11,81.22,82.11,81.22,82.11,81.22,82.11
84.1,81.32,82.20,81.32,82.20,81.32,82.20,81.32,82.20
84.2,81.42,82.30,81.42,82.30,81.42,82.30,81.42,82.30
84.3,81.51,82.39,81.51,82.39,81.51,82.39,81.51,82.39
84.4,81.61,82.49,81.61,82.49,81.61,82.49,81.61,82.49
84.5,81.70,82.58,81.70,82.58,81.70,82.58,81.70,82.58
84.6,81.80,82.68,81.80,82.68,81.80,82.68,81.80,82.68
84.7,81.90,82.77,81.90,82.77,81.90,82.77,81.90,82.77
84.8,81.99,82.87,81.99,82.87,81.99,82.87,81.99,82.87
84.9,82.09,82.96,82.09,82.96,82.09,82.96,82.09,82.96
85.0,82.19,83.06,82.19,83.06,82.19,83.06,82.19,83.06
85.1,82.28,83.15,82.28,83.15,82.28,83.15,82.28,83.15
85.2,82.38,83.24,82.38,83.24,82.38,83.24,82.38,83.24
85.3,82.48,83.34,82.48,83.34,82.48,83.34,82.48,83.34
85.4,82.57,83.43,82.57,83.43,82.57,83.43,82.57,83.43
85.5,82.67,83.53,82.67,83.53,82.67,83.53,82.67,83.53
85.6,82.77,83.62,82.77,83.62,82.77,83.62,82.77,83.62
85.7,82.86,83.72,82.86,83.72,82.86,83.72,82.86,83.72
85.8,82.96,83.81,82.96,83.81,82.96,83.81,82.96,83.81
85.9,83.06,83.90,83.06,83.90,83.06,83.90,83.06,83.90
86.0,83.15,84.00,83.15,84.00,83.15,84.00,83.15,84.00
86.1,83.25,84.09,83.25,84.09,83.25,84.09,83.25,84.09
86.2,83.35,84.19,83.35,84.19,83.35,84.19,83.35,84.19
86.3,83.44,84.28,83.44,84.28,83.44,84.28,83.44,84.28
86.4,83.54,84.37,83.54,84.37,83.54,84.37,83.54,84.37
86.5,83.63,84.47,83.63,84.47,83.63,84.47,83.63,84.47
86.6,83.73,84.56,83.73,84.56,83.73,84.56,83.73,84.56
86.7,83.83,84.66,83.83,84.66,83.83,84.66,83.83,84.66
86.8,83.92,84.75,83.92,84.75,83.92,84.75,83.92,84.75
86.9,84.02,84.84,84.02,84.84,84.02,84.84,84.02,84.84
87.0,84.12,84.94,84.12,84.94,84.12,84.94,84.12,84.94
87.1,84.21,85.03,84.21,85.03,84.21,85.03,84.21,85.03
87.2,84.31,85.12,84.31,85.12,84.31,85.12,84.31,85.12
87.3,84.41,85.22,84.41,85.22,84.41,85.22,84.41,85.22
87.4,84.50,85.31,84.50,85.31,84.50,85.31,84.50,85.31
87.5,84.60,85.40,84.60,85.40,84.60,85.40,84.60,85.40
87.6,84.69,85.50,84.69,85.50,84.69,85.50,84.69,85.50
87.7,84.79,85.59,84.79,85.59,84.79,85.59,84.79,85.59
87.8,84.89,85.68,84.89,85.68,84.89,85.68,84.89,85.68
87.9,84.98,85.78,84.98,85.78,84.98,85.78,84.98,85.78
88.0,85.08,85.87,85.08,85.87,85.08,85.87,85.08,85.87
88.1,85.18,85.96,85.18,85.96,85.18,85.96,85.18,85.96
88.2,85.27,86.06,85.27,86.06,85.27,86.06,85.27,86.06
88.3,85.37,86.15,85.37,86.15,85.37,86.15,85.37,86.15
88.4,85.47,86.24,85.47,86.24,85.47,86.24,85.47,86.24
88.5,85.56,86.34,85.56,86.34,85.56,86.34,85.56,86.34
88.6,85.66,86.43,85.66,86.43,85.66,86.43,85.66,86.43
88.7,85.75,86.52,85.75,86.52,85.75,86.52,85.75,86.52
88.8,85.85,86.62,85.85,86.62,85.85,86.62,85.85,86.62
88.9,85.95,86.71,85.95,86.71,85.95,86.71,85.95,86.71
89.0,86.04,86.80,86.04,86.80,86.04,86.80,86.04,86.80
89.1,86.14,86.89,86.14,86.89,86.14,86.89,86.14,86.89
89.2,86.24,86.99,86.24,86.99,86.24,86.99,86.24,86.99
89.3,86.33,87.08,86.33,87.08,86.33,87.08,86.33,87.08
89.4,86.43,87.17,86.43,87.17,86.43,87.17,86.43,87.17
89.5,86.52,87.26,86.52,87.26,86.52,87.26,86.52,87.26
89.6,86.62,87.36,86.62,87.36,86.62,87.36,86.62,87.36
89.7,86.72,87.45,86.72,87.45,86.72,87.45,86.72,87.45
89.8,86.81,87.54,86.81,87.54,86.81,87.54,86.81,87.54
89.9,86.91,87.63,86.91,87.63,86.91,87.63,86.91,87.63
90.0,87.00,87.73,87.00,87.73,87.00,87.73,87.00,87.73
90.1,87.10,87.82,87.10,87.82,87.10,87.82,87.10,87.82
90.2,87.20,87.91,87.20,87.91,87.20,87.91,87.20,87.91
90.3,87.29,88.00,87.29,88.00,87.29,88.00,87.29,88.00
90.4,87.39,88.09,87.39,88.09,87.39,88.09,87.39,88.09
90.5,87.48,88.18,87.48,88.18,87.48,88.18,87.48,88.18
90.6,87.58,88.28,87.58,88.28,87.58,88.28,87.58,88.28
90.7,87.68,88.37,87.68,88.37,87.68,88.37,87.68,88.37
90.8,87.77,88.46,87.77,88.46,87.77,88.46,87.77,88.46
90.9,87.87,88.55,87.87,88.55,87.87,88.55,87.87,88.55
91.0,87.96,88.64,87.96,88.64,87.96,88.64,87.96,88.64
91.1,88.06,88.73,88.06,88.73,88.06,88.73,88.06,88.73
91.2,88.16,88.83,88.16,88.83,88.16,88.83,88.16,88.83
91.3,88.25,88.92,88.25,88.92,88.25,88.92,88.25,88.92
91.4,88.35,89.01,88.35,89.01,88.35,89.01,88.35,89.01
91.5,88.44,89.10,88.44,89.10,88.44,89.10,88.44,89.10
91.6,88.54,89.19,88.54,89.19,88.54,89.19,88.54,89.19
91.7,88.64,89.28,88.64,89.28,88.64,89.28,88.64,89.28
91.8,88.73,89.37,88.73,89.37,88.73,89.37,88.73,89.37
91.9,88.83,89.46,88.83,89.46,88.83,89.46,88.83,89.46
92.0,88.92,89.55,88.92,89.55,88.92,89.55,88.92,89.55
92.1,89.02,89.64,89.02,89.64,89.02,89.64,89.02,89.64
92.2,89.11,89.73,89.11,89.73,89.11,89.73,89.11,89.73
92.3,89.21,89.83,89.21,89.83,89.21,89.83,89.21,89.83
92.4,89.31,89.92,89.31,89.92,89.31,89.92,89.31,89.92
92.5,89.40,90.01,89.40,90.01,89.40,90.01,89.40,90.01
92.6,89.50,90.10,89.50,90.10,89.50,90.10,89.50,90.10
92.7,89.59,90.19,89.59,90.19,89.59,90.19,89.59,90.19
92.8,89.69,90.28,89.69,90.28,89.69,90.28,89.69,90.28
92.9,89.78,90.37,89.78,90.37,89.78,90.37,89.78,90.37
93.0,89.88,90.46,89.88,90.46,89.88,90.46,89.88,90.46
93.1,89.97,90.55,89.97,90.55,89.97,90.55,89.97,90.55
93.2,90.07,90.64,90.07,90.64,90.07,90.64,90.07,90.64
93.3,90.17,90.73,90.17,90.73,90.17,90.73,90.17,90.73
93.4,90.26,90.82,90.26,90.82,90.26,90.82,90.26,90.82
93.5,90.36,90.90,90.36,90.90,90.36,90.90,90.36,90.90
93.6,90.45,90.99,90.45,90.99,90.45,90.99,90.45,90.99
93.7,90.55,91.08,90.55,91.08,90.55,91.08,90.55,91.08
93.8,90.64,91.17,90.64,91.17,90.64,91.17,90.64,91.17
93.9,90.74,91.26,90.74,91.26,90.74,91.26,90.74,91.26
94.0,90.83,91.35,90.83,91.35,90.83,91.35,90.83,91.35
94.1,90.93,91.44,90.93,91.44,90.93,91.44,90.93,91.44
94.2,91.02,91.53,91.02,91.53,91.02,91.53,91.02,91.53
94.3,91.12,91.62,91.12,91.62,91.12,91.62,91.12,91.62
94.4,91.21,91.71,91.21,91.71,91.21,91.71,91.21,91.71
94.5,91.31,91.79,91.31,91.79,91.31,91.79,91.31,91.79
94.6,91.40,91.88,91.40,91.88,91.40,91.88,91.40,91.88
94.7,91.50,91.97,91.50,91.97,91.50,91.97,91.50,91.97
94.8,91.59,92.06,91.59,92.06,91.59,92.06,91.59,92.06
94.9,91.69,92.15,91.69,92.15,91.69,92.15,91.69,92.15
95.0,91.78,92.24,91.78,92.24,91.78,92.24,91.78,92.24
95.1,91.88,92.32,91.88,92.32,91.88,92.32,91.88,92.32
95.2,91.97,92.41,91.97,92.41,91.97,92.41,91.97,92.41
95.3,92.07,92.50,92.07,92.50,92.07,92.50,92.07,92.50
95.4,92.16,92.59,92.16,92.59,92.16,92.59,92.16,92.59
95.5,92.26,92.67,92.26,92.67,92.26,92.67,92.26,92.67
95.6,92.35,92.76,92.35,92.76,92.35,92.76,92.35,92.76
95.7,92.45,92.85,92.45,92.85,92.45,92.85,92.45,92.85
95.8,92.54,92.94,92.54,92.94,92.54,92.94,92.54,92.94
95.9,92.64,93.02,92.64,93.02,92.64,93.02,92.64,93.02
96.0,92.73,93.11,92.73,93.11,92.73,93.11,92.73,93.11
96.1,92.82,93.20,92.82,93.20,92.82,93.20,92.82,93.20
96.2,92.92,93.28,92.92,93.28,92.92,93.28,92.92,93.28
96.3,93.01,93.37,93.01,93.37,93.01,93.37,93.01,93.37
96.4,93.11,93.46,93.11,93.46,93.11,93.46,93.11,93.46
96.5,93.20,93.54,93.20,93.54,93.20,93.54,93.20,93.54
96.6,93.30,93.63,93.30,93.63,93.30,93.63,93.30,93.63
96.7,93.39,93.72,93.39,93.72,93.39,93.72,93.39,93.72
96.8,93.49,93.80,93.49,93.80,93.49,93.80,93.49,93.80
96.9,93.58,93.89,93.58,93.89,93.58,93.89,93.58,93.89
97.0,93.67,93.97,93.67,93.97,93.67,93.97,93.67,93.97
