1.0,1.99,2.38,1.99,2.38,1.99,2.38,1.99,2.38
1.1,2.07,2.48,2.07,2.48,2.07,2.48,2.07,2.48
1.2,2.16,2.58,2.16,2.58,2.16,2.58,2.16,2.58
1.3,2.25,2.68,2.25,2.68,2.25,2.68,2.25,2.68
1.4,2.34,2.77,2.34,2.77,2.34,2.77,2.34,2.77
1.5,2.43,2.87,2.43,2.87,2.43,2.87,2.43,2.87
1.6,2.52,2.97,2.52,2.97,2.52,2.97,2.52,2.97
1.7,2.61,3.06,2.61,3.06,2.61,3.06,2.61,3.06
1.8,2.70,3.16,2.70,3.16,2.70,3.16,2.70,3.16
1.9,2.79,3.26,2.79,3.26,2.79,3.26,2.79,3.26
2.0,2.88,3.36,2.88,3.36,2.88,3.36,2.88,3.36
2.1,2.97,3.45,2.97,3.45,2.97,3.45,2.97,3.45
2.2,3.06,3.55,3.06,3.55,3.06,3.55,3.06,3.55
2.3,3.15,3.65,3.15,3.65,3.15,3.65,3.15,3.65
2.4,3.24,3.74,3.24,3.74,3.24,3.74,3.24,3.74
2.5,3.33,3.84,3.33,3.84,3.33,3.84,3.33,3.84
2.6,3.42,3.94,3.42,3.94,3.42,3.94,3.42,3.94
2.7,3.51,4.04,3.51,4.04,3.51,4.04,3.51,4.04
2.8,3.60,4.13,3.60,4.13,3.60,4.13,3.60,4.13
2.9,3.69,4.23,3.69,4.23,3.69,4.23,3.69,4.23
3.0,3.78,4.33,3.78,4.33,3.78,4.33,3.78,4.33
3.1,3.87,4.42,3.87,4.42,3.87,4.42,3.87,4.42
3.2,3.96,4.52,3.96,4.52,3.96,4.52,3.96,4.52
3.3,4.05,4.62,4.05,4.62,4.05,4.62,4.05,4.62
3.4,4.14,4.71,4.14,4.71,4.14,4.71,4.14,4.71
3.5,4.23,4.81,4.23,4.81,4.23,4.81,4.23,4.81
3.6,4.32,4.91,4.32,4.91,4.32,4.91,4.32,4.91
3.7,4.41,5.00,4.41,5.00,4.41,5.00,4.41,5.00
3.8,4.50,5.10,4.50,5.10,4.50,5.10,4.50,5.10
3.9,4.59,5.20,4.59,5.20,4.59,5.20,4.59,5.20
4.0,4.68,5.29,4.68,5.29,4.68,5.29,4.68,5.29
4.1,4.77,5.39,4.77,5.39,4.77,5.39,4.77,5.39
4.2,4.86,5.49,4.86,5.49,4.86,5.49,4.86,5.49
4.3,4.95,5.58,4.95,5.58,4.95,5.58,4.95,5.58
4.4,5.04,5.68,5.04,5.68,5.04,5.68,5.04,5.68
4.5,5.13,5.77,5.13,5.77,5.13,5.77,5.13,5.77
4.6,5.22,5.87,5.22,5.87,5.22,5.87,5.22,5.87
4.7,5.31,5.97,5.31,5.97,5.31,5.97,5.31,5.97
4.8,5.40,6.06,5.40,6.06,5.40,6.06,5.40,6.06
4.9,5.49,6.16,5.49,6.16,5.49,6.16,5.49,6.16
5.0,5.58,6.26,5.58,6.26,5.58,6.26,5.58,6.26
5.1,5.67,6.35,5.67,6.35,5.67,6.35,5.67,6.35
5.2,5.77,6.45,5.77,6.45,5.77,6.45,5.77,6.45
5.3,5.86,6.55,5.86,6.55,5.86,6.55,5.86,6.55
5.4,5.95,6.64,5.95,6.64,5.95,6.64,5.95,6.64
5.5,6.04,6.74,6.04,6.74,6.04,6.74,6.04,6.74
5.6,6.13,6.83,6.13,6.83,6.13,6.83,6.13,6.83
5.7,6.22,6.93,6.22,6.93,6.22,6.93,6.22,6.93
5.8,6.31,7.03,6.31,7.03,6.31,7.03,6.31,7.03
5.9,6.40,7.12,6.40,7.12,6.40,7.12,6.40,7.12
6.0,6.49,7.22,6.49,7.22,6.49,7.22,6.49,7.22
6.1,6.58,7.31,6.58,7.31,6.58,7.31,6.58,7.31
6.2,6.68,7.41,6.68,7.41,6.68,7.41,6.68,7.41
6.3,6.77,7.51,6.77,7.51,6.77,7.51,6.77,7.51
6.4,6.86,7.60,6.86,7.60,6.86,7.60,6.86,7.60
6.5,6.95,7.70,6.95,7.70,6.95,7.70,6.95,7.70
6.6,7.04,7.79,7.04,7.79,7.04,7.79,7.04,7.79
6.7,7.13,7.89,7.13,7.89,7.13,7.89,7.13,7.89
6.8,7.22,7.99,7.22,7.99,7.22,7.99,7.22,7.99
6.9,7.32,8.08,7.32,8.08,7.32,8.08,7.32,8.08
7.0,7.41,8.18,7.41,8.18,7.41,8.18,7.41,8.18
7.1,7.50,8.27,7.50,8.27,7.50,8.27,7.50,8.27
7.2,7.59,8.37,7.59,8.37,7.59,8.37,7.59,8.37
7.3,7.68,8.47,7.68,8.47,7.68,8.47,7.68,8.47
7.4,7.77,8.56,7.77,8.56,7.77,8.56,7.77,8.56
7.5,7.87,8.66,7.87,8.66,7.87,8.66,7.87,8.66
7.6,7.96,8.75,7.96,8.75,7.96,8.75,7.96,8.75
7.7,8.05,8.85,8.05,8.85,8.05,8.85,8.05,8.85
7.8,8.14,8.94,8.14,8.94,8.14,8.94,8.14,8.94
7.9,8.23,9.04,8.23,9.04,8.23,9.04,8.23,9.04
8.0,8.32,9.14,8.32,9.14,8.32,9.14,8.32,9.14
8.1,8.42,9.23,8.42,9.23,8.42,9.23,8.42,9.23
8.2,8.51,9.33,8.51,9.33,8.51,9.33,8.51,9.33
8.3,8.60,9.42,8.60,9.42,8.60,9.42,8.60,9.42
8.4,8.69,9.52,8.69,9.52,8.69,9.52,8.69,9.52
8.5,8.79,9.61,8.79,9.61,8.79,9.61,8.79,9.61
8.6,8.88,9.71,8.88,9.71,8.88,9.71,8.88,9.71
8.7,8.97,9.81,8.97,9.81,8.97,9.81,8.97,9.81
8.8,9.06,9.90,9.06,9.90,9.06,9.90,9.06,9.90
8.9,9.15,10.00,9.15,10.00,9.15,10.00,9.15,10.00
9.0,9.25,10.09,9.25,10.09,9.25,10.09,9.25,10.09
9.1,9.34,10.19,9.34,10.19,9.34,10.19,9.34,10.19
9.2,9.43,10.28,9.43,10.28,9.43,10.28,9.43,10.28
9.3,9.52,10.38,9.52,10.38,9.52,10.38,9.52,10.38
9.4,9.62,10.48,9.62,10.48,9.62,10.48,9.62,10.48
9.5,9.71,10.57,9.71,10.57,9.71,10.57,9.71,10.57
9.6,9.80,10.67,9.80,10.67,9.80,10.67,9.80,10.67
9.7,9.89,10.76,9.89,10.76,9.89,10.76,9.89,10.76
9.8,9.99,10.86,9.99,10.86,9.99,10.86,9.99,10.86
9.9,10.08,10.95,10.08,10.95,10.08,10.95,10.08,10.95
10.0,10.17,11.05,10.17,11.05,10.17,11.05,10.17,11.05
10.1,10.26,11.14,10.26,11.14,10.26,11.14,10.26,11.14
10.2,10.36,11.24,10.36,11.24,10.36,11.24,10.36,11.24
10.3,10.45,11.33,10.45,11.33,10.45,11.33,10.45,11.33
10.4,10.54,11.43,10.54,11.43,10.54,11.43,10.54,11.43
10.5,10.63,11.53,10.63,11.53,10.63,11.53,10.63,11.53
10.6,10.73,11.62,10.73,11.62,10.73,11.62,10.73,11.62
10.7,10.82,11.72,10.82,11.72,10.82,11.72,10.82,11.72
10.8,10.91,11.81,10.91,11.81,10.91,11.81,10.91,11.81
10.9,11.01,11.91,11.01,11.91,11.01,11.91,11.01,11.91
11.0,11.10,12.00,11.10,12.00,11.10,12.00,11.10,12.00
11.1,11.19,12.10,11.19,12.10,11.19,12.10,11.19,12.10
11.2,11.28,12.19,11.28,12.19,11.28,12.19,11.28,12.19
11.3,11.38,12.29,11.38,12.29,11.38,12.29,11.38,12.29
11.4,11.47,12.38,11.47,12.38,11.47,12.38,11.47,12.38
11.5,11.56,12.48,11.56,12.48,11.56,12.48,11.56,12.48
11.6,11.66,12.57,11.66,12.57,11.66,12.57,11.66,12.57
11.7,11.75,12.67,11.75,12.67,11.75,12.67,11.75,12.67
11.8,11.84,12.77,11.84,12.77,11.84,12.77,11.84,12.77
11.9,11.94,12.86,11.94,12.86,11.94,12.86,11.94,12.86
12.0,12.03,12.96,12.03,12.96,12.03,12.96,12.03,12.96
12.1,12.12,13.05,12.12,13.05,12.12,13.05,12.12,13.05
12.2,12.22,13.15,12.22,13.15,12.22,13.15,12.22,13.15
12.3,12.31,13.24,12.31,13.24,12.31,13.24,12.31,13.24
12.4,12.40,13.34,12.40,13.34,12.40,13.34,12.40,13.34
12.5,12.50,13.43,12.50,13.43,12.50,13.43,12.50,13.43
12.6,12.59,13.53,12.59,13.53,12.59,13.53,12.59,13.53
12.7,12.68,13.62,12.68,13.62,12.68,13.62,12.68,13.62
12.8,12.78,13.72,12.78,13.72,12.78,13.72,12.78,13.72
12.9,12.87,13.81,12.87,13.81,12.87,13.81,12.87,13.81
13.0,12.96,13.91,12.96,13.91,12.96,13.91,12.96,13.91
13.1,13.06,14.00,13.06,14.00,13.06,14.00,13.06,14.00
13.2,13.15,14.10,13.15,14.10,13.15,14.10,13.15,14.10
13.3,13.24,14.19,13.24,14.19,13.24,14.19,13.24,14.19
13.4,13.34,14.29,13.34,14.29,13.34,14.29,13.34,14.29
13.5,13.43,14.38,13.43,14.38,13.43,14.38,13.43,14.38
13.6,13.52,14.48,13.52,14.48,13.52,14.48,13.52,14.48
13.7,13.62,14.57,13.62,14.57,13.62,14.57,13.62,14.57
13.8,13.71,14.67,13.71,14.67,13.71,14.67,13.71,14.67
13.9,13.81,14.77,13.81,14.77,13.81,14.77,13.81,14.77
14.0,13.90,14.86,13.90,14.86,13.90,14.86,13.90,14.86
14.1,13.99,14.96,13.99,14.96,13.99,14.96,13.99,14.96
14.2,14.09,15.05,14.09,15.05,14.09,15.05,14.09,15.05
14.3,14.18,15.15,14.18,15.15,14.18,15.15,14.18,15.15
14.4,14.28,15.24,14.28,15.24,14.28,15.24,14.28,15.24
14.5,14.37,15.34,14.37,15.34,14.37,15.34,14.37,15.34
14.6,14.46,15.43,14.46,15.43,14.46,15.43,14.46,15.43
14.7,14.56,15.53,14.56,15.53,14.56,15.53,14.56,15.53
14.8,14.65,15.62,14.65,15.62,14.65,15.62,14.65,15.62
14.9,14.74,15.72,14.74,15.72,14.74,15.72,14.74,15.72
15.0,14.84,15.81,14.84,15.81,14.84,15.81,14.84,15.81
15.1,14.93,15.91,14.93,15.91,14.93,15.91,14.93,15.91
15.2,15.03,16.00,15.03,16.00,15.03,16.00,15.03,16.00
15.3,15.12,16.10,15.12,16.10,15.12,16.10,15.12,16.10
15.4,15.22,16.19,15.22,16.19,15.22,16.19,15.22,16.19
15.5,15.31,16.29,15.31,16.29,15.31,16.29,15.31,16.29
15.6,15.40,16.38,15.40,16.38,15.40,16.38,15.40,16.38
15.7,15.50,16.48,15.50,16.48,15.50,16.48,15.50,16.48
15.8,15.59,16.57,15.59,16.57,15.59,16.57,15.59,16.57
15.9,15.69,16.67,15.69,16.67,15.69,16.67,15.69,16.67
16.0,15.78,16.76,15.78,16.76,15.78,16.76,15.78,16.76
16.1,15.88,16.86,15.88,16.86,15.88,16.86,15.88,16.86
16.2,15.97,16.95,15.97,16.95,15.97,16.95,15.97,16.95
16.3,16.06,17.05,16.06,17.05,16.06,17.05,16.06,17.05
16.4,16.16,17.14,16.16,17.14,16.16,17.14,16.16,17.14
16.5,16.25,17.24,16.25,17.24,16.25,17.24,16.25,17.24
16.6,16.35,17.33,16.35,17.33,16.35,17.33,16.35,17.33
16.7,16.44,17.43,16.44,17.43,16.44,17.43,16.44,17.43
16.8,16.54,17.52,16.54,17.52,16.54,17.52,16.54,17.52
16.9,16.63,17.62,16.63,17.62,16.63,17.62,16.63,17.62
17.0,16.72,17.72,16.72,17.72,16.72,17.72,16.72,17.72
17.1,16.82,17.81,16.82,17.81,16.82,17.81,16.82,17.81
17.2,16.91,17.91,16.91,17.91,16.91,17.91,16.91,17.91
17.3,17.01,18.00,17.01,18.00,17.01,18.00,17.01,18.00
17.4,17.10,18.10,17.10,18.10,17.10,18.10,17.10,18.10
17.5,17.20,18.19,17.20,18.19,17.20,18.19,17.20,18.19
17.6,17.29,18.29,17.29,18.29,17.29,18.29,17.29,18.29
17.7,17.39,18.38,17.39,18.38,17.39,18.38,17.39,18.38
17.8,17.48,18.48,17.48,18.48,17.48,18.48,17.48,18.48
17.9,17.58,18.57,17.58,18.57,17.58,18.57,17.58,18.57
18.0,17.67,18.67,17.67,18.67,17.67,18.67,17.67,18.67
18.1,17.77,18.76,17.77,18.76,17.77,18.76,17.77,18.76
18.2,17.86,18.86,17.86,18.86,17.86,18.86,17.86,18.86
18.3,17.96,18.95,17.96,18.95,17.96,18.95,17.96,18.95
18.4,18.05,19.05,18.05,19.05,18.05,19.05,18.05,19.05
18.5,18.15,19.14,18.15,19.14,18.15,19.14,18.15,19.14
18.6,18.24,19.24,18.24,19.24,18.24,19.24,18.24,19.24
18.7,18.34,19.33,18.34,19.33,18.34,19.33,18.34,19.33
18.8,18.43,19.43,18.43,19.43,18.43,19.43,18.43,19.43
18.9,18.52,19.52,18.52,19.52,18.52,19.52,18.52,19.52
19.0,18.62,19.62,18.62,19.62,18.62,19.62,18.62,19.62
19.1,18.71,19.71,18.71,19.71,18.71,19.71,18.71,19.71
19.2,18.81,19.81,18.81,19.81,18.81,19.81,18.81,19.81
19.3,18.90,19.90,18.90,19.90,18.90,19.90,18.90,19.90
19.4,19.00,20.00,19.00,20.00,19.00,20.00,19.00,20.00
19.5,19.09,20.09,19.09,20.09,19.09,20.09,19.09,20.09
19.6,19.19,20.19,19.19,20.19,19.19,20.19,19.19,20.19
19.7,19.28,20.28,19.28,20.28,19.28,20.28,19.28,20.28
19.8,19.38,20.38,19.38,20.38,19.38,20.38,19.38,20.38
19.9,19.48,20.48,19.48,20.48,19.48,20.48,19.48,20.48
20.0,19.57,20.57,19.57,20.57,19.57,20.57,19.57,20.57
20.1,19.67,20.67,19.67,20.67,19.67,20.67,19.67,20.67
20.2,19.76,20.76,19.76,20.76,19.76,20.76,19.76,20.76
20.3,19.86,20.86,19.86,20.86,19.86,20.86,19.86,20.86
20.4,19.95,20.95,19.95,20.95,19.95,20.95,19.95,20.95
20.5,20.05,21.05,20.05,21.05,20.05,21.05,20.05,21.05
20.6,20.14,21.14,20.14,21.14,20.14,21.14,20.14,21.14
20.7,20.24,21.24,20.24,21.24,20.24,21.24,20.24,21.24
20.8,20.33,21.33,20.33,21.33,20.33,21.33,20.33,21.33
20.9,20.43,21.43,20.43,21.43,20.43,21.43,20.43,21.43
21.0,20.52,21.52,20.52,21.52,20.52,21.52,20.52,21.52
21.1,20.62,21.62,20.62,21.62,20.62,21.62,20.62,21.62
21.2,20.71,21.71,20.71,21.71,20.71,21.71,20.71,21.71
21.3,20.81,21.81,20.81,21.81,20.81,21.81,20.81,21.81
21.4,20.90,21.90,20.90,21.90,20.90,21.90,20.90,21.90
21.5,21.00,22.00,21.00,22.00,21.00,22.00,21.00,22.00
21.6,21.09,22.09,21.09,22.09,21.09,22.09,21.09,22.09
21.7,21.19,22.19,21.19,22.19,21.19,22.19,21.19,22.19
21.8,21.29,22.28,21.29,22.28,21.29,22.28,21.29,22.28
21.9,21.38,22.38,21.38,22.38,21.38,22.38,21.38,22.38
22.0,21.48,22.48,21.48,22.48,21.48,22.48,21.48,22.48
22.1,21.57,22.57,21.57,22.57,21.57,22.57,21.57,22.57
22.2,21.67,22.67,21.67,22.67,21.67,22.67,21.67,22.67
22.3,21.76,22.76,21.76,22.76,21.76,22.76,21.76,22.76
22.4,21.86,22.86,21.86,22.86,21.86,22.86,21.86,22.86
22.5,21.95,22.95,21.95,22.95,21.95,22.95,21.95,22.95
22.6,22.05,23.05,22.05,23.05,22.05,23.05,22.05,23.05
22.7,22.15,23.14,22.15,23.14,22.15,23.14,22.15,23.14
22.8,22.24,23.24,22.24,23.24,22.24,23.24,22.24,23.24
22.9,22.34,23.33,22.34,23.33,22.34,23.33,22.34,23.33
23.0,22.43,23.43,22.43,23.43,22.43,23.43,22.43,23.43
23.1,22.53,23.52,22.53,23.52,22.53,23.52,22.53,23.52
23.2,22.62,23.62,22.62,23.62,22.62,23.62,22.62,23.62
23.3,22.72,23.71,22.72,23.71,22.72,23.71,22.72,23.71
23.4,22.81,23.81,22.81,23.81,22.81,23.81,22.81,23.81
23.5,22.91,23.91,22.91,23.91,22.91,23.91,22.91,23.91
23.6,23.01,24.00,23.01,24.00,23.01,24.00,23.01,24.00
23.7,23.10,24.10,23.10,24.10,23.10,24.10,23.10,24.10
23.8,23.20,24.19,23.20,24.19,23.20,24.19,23.20,24.19
23.9,23.29,24.29,23.29,24.29,23.29,24.29,23.29,24.29
24.0,23.39,24.38,23.39,24.38,23.39,24.38,23.39,24.38
24.1,23.48,24.48,23.48,24.48,23.48,24.48,23.48,24.48
24.2,23.58,24.57,23.58,24.57,23.58,24.57,23.58,24.57
24.3,23.68,24.67,23.68,24.67,23.68,24.67,23.68,24.67
24.4,23.77,24.76,23.77,24.76,23.77,24.76,23.77,24.76
24.5,23.87,24.86,23.87,24.86,23.87,24.86,23.87,24.86
24.6,23.96,24.95,23.96,24.95,23.96,24.95,23.96,24.95
24.7,24.06,25.05,24.06,25.05,24.06,25.05,24.06,25.05
24.8,24.16,25.15,24.16,25.15,24.16,25.15,24.16,25.15
24.9,24.25,25.24,24.25,25.24,24.25,25.24,24.25,25.24
25.0,24.35,25.34,24.35,25.34,24.35,25.34,24.35,25.34
25.1,24.44,25.43,24.44,25.43,24.44,25.43,24.44,25.43
25.2,24.54,25.53,24.54,25.53,24.54,25.53,24.54,25.53
25.3,24.64,25.62,24.64,25.62,24.64,25.62,24.64,25.62
25.4,24.73,25.72,24.73,25.72,24.73,25.72,24.73,25.72
25.5,24.83,25.81,24.83,25.81,24.83,25.81,24.83,25.81
25.6,24.92,25.91,24.92,25.91,24.92,25.91,24.92,25.91
25.7,25.02,26.00,25.02,26.00,25.02,26.00,25.02,26.00
25.8,25.11,26.10,25.11,26.10,25.11,26.10,25.11,26.10
25.9,25.21,26.20,25.21,26.20,25.21,26.20,25.21,26.20
26.0,25.31,26.29,25.31,26.29,25.31,26.29,25.31,26.29
26.1,25.40,26.39,25.40,26.39,25.40,26.39,25.40,26.39
26.2,25.50,26.48,25.50,26.48,25.50,26.48,25.50,26.48
26.3,25.60,26.58,25.60,26.58,25.60,26.58,25.60,26.58
26.4,25.69,26.67,25.69,26.67,25.69,26.67,25.69,26.67
26.5,25.79,26.77,25.79,26.77,25.79,26.77,25.79,26.77
26.6,25.88,26.86,25.88,26.86,25.88,26.86,25.88,26.86
26.7,25.98,26.96,25.98,26.96,25.98,26.96,25.98,26.96
26.8,26.08,27.06,26.08,27.06,26.08,27.06,26.08,27.06
26.9,26.17,27.15,26.17,27.15,26.17,27.15,26.17,27.15
27.0,26.27,27.25,26.27,27.25,26.27,27.25,26.27,27.25
27.1,26.36,27.34,26.36,27.34,26.36,27.34,26.36,27.34
27.2,26.46,27.44,26.46,27.44,26.46,27.44,26.46,27.44
27.3,26.56,27.53,26.56,27.53,26.56,27.53,26.56,27.53
27.4,26.65,27.63,26.65,27.63,26.65,27.63,26.65,27.63
27.5,26.75,27.72,26.75,27.72,26.75,27.72,26.75,27.72
27.6,26.84,27.82,26.84,27.82,26.84,27.82,26.84,27.82
27.7,26.94,27.92,26.94,27.92,26.94,27.92,26.94,27.92
27.8,27.04,28.01,27.04,28.01,27.04,28.01,27.04,28.01
27.9,27.13,28.11,27.13,28.11,27.13,28.11,27.13,28.11
28.0,27.23,28.20,27.23,28.20,27.23,28.20,27.23,28.20
28.1,27.33,28.30,27.33,28.30,27.33,28.30,27.33,28.30
28.2,27.42,28.39,27.42,28.39,27.42,28.39,27.42,28.39
28.3,27.52,28.49,27.52,28.49,27.52,28.49,27.52,28.49
28.4,27.61,28.59,27.61,28.59,27.61,28.59,27.61,28.59
28.5,27.71,28.68,27.71,28.68,27.71,28.68,27.71,28.68
28.6,27.81,28.78,27.81,28.78,27.81,28.78,27.81,28.78
28.7,27.90,28.87,27.90,28.87,27.90,28.87,27.90,28.87
28.8,28.00,28.97,28.00,28.97,28.00,28.97,28.00,28.97
28.9,28.10,29.06,28.10,29.06,28.10,29.06,28.10,29.06
29.0,28.19,29.16,28.19,29.16,28.19,29.16,28.19,29.16
29.1,28.29,29.26,28.29,29.26,28.29,29.26,28.29,29.26
29.2,28.38,29.35,28.38,29.35,28.38,29.35,28.38,29.35
29.3,28.48,29.45,28.48,29.45,28.48,29.45,28.48,29.45
29.4,28.58,29.54,28.58,29.54,28.58,29.54,28.58,29.54
29.5,28.67,29.64,28.67,29.64,28.67,29.64,28.67,29.64
29.6,28.77,29.73,28.77,29.73,28.77,29.73,28.77,29.73
29.7,28.87,29.83,28.87,29.83,28.87,29.83,28.87,29.83
29.8,28.96,29.93,28.96,29.93,28.96,29.93,28.96,29.93
29.9,29.06,30.02,29.06,30.02,29.06,30.02,29.06,30.02
30.0,29.16,30.12,29.16,30.12,29.16,30.12,29.16,30.12
30.1,29.25,30.21,29.25,30.21,29.25,30.21,29.25,30.21
30.2,29.35,30.31,29.35,30.31,29.35,30.31,29.35,30.31
30.3,29.45,30.40,29.45,30.40,29.45,30.40,29.45,30.40
30.4,29.54,30.50,29.54,30.50,29.54,30.50,29.54,30.50
30.5,29.64,30.60,29.64,30.60,29.64,30.60,29.64,30.60
30.6,29.73,30.69,29.73,30.69,29.73,30.69,29.73,30.69
30.7,29.83,30.79,29.83,30.79,29.83,30.79,29.83,30.79
30.8,29.93,30.88,29.93,30.88,29.93,30.88,29.93,30.88
30.9,30.02,30.98,30.02,30.98,30.02,30.98,30.02,30.98
31.0,30.12,31.08,30.12,31.08,30.12,31.08,30.12,31.08
31.1,30.22,31.17,30.22,31.17,30.22,31.17,30.22,31.17
31.2,30.31,31.27,30.31,31.27,30.31,31.27,30.31,31.27
31.3,30.41,31.36,30.41,31.36,30.41,31.36,30.41,31.36
31.4,30.51,31.46,30.51,31.46,30.51,31.46,30.51,31.46
31.5,30.60,31.55,30.60,31.55,30.60,31.55,30.60,31.55
31.6,30.70,31.65,30.70,31.65,30.70,31.65,30.70,31.65
31.7,30.80,31.75,30.80,31.75,30.80,31.75,30.80,31.75
31.8,30.89,31.84,30.89,31.84,30.89,31.84,30.89,31.84
31.9,30.99,31.94,30.99,31.94,30.99,31.94,30.99,31.94
32.0,31.09,32.03,31.09,32.03,31.09,32.03,31.09,32.03
32.1,31.18,32.13,31.18,32.13,31.18,32.13,31.18,32.13
32.2,31.28,32.23,31.28,32.23,31.28,32.23,31.28,32.23
32.3,31.37,32.32,31.37,32.32,31.37,32.32,31.37,32.32
32.4,31.47,32.42,31.47,32.42,31.47,32.42,31.47,32.42
32.5,31.57,32.51,31.57,32.51,31.57,32.51,31.57,32.51
32.6,31.66,32.61,31.66,32.61,31.66,32.61,31.66,32.61
32.7,31.76,32.71,31.76,32.71,31.76,32.71,31.76,32.71
32.8,31.86,32.80,31.86,32.80,31.86,32.80,31.86,32.80
32.9,31.95,32.90,31.95,32.90,31.95,32.90,31.95,32.90
33.0,32.05,32.99,32.05,32.99,32.05,32.99,32.05,32.99
33.1,32.15,33.09,32.15,33.09,32.15,33.09,32.15,33.09
33.2,32.24,33.19,32.24,33.19,32.24,33.19,32.24,33.19
33.3,32.34,33.28,32.34,33.28,32.34,33.28,32.34,33.28
33.4,32.44,33.38,32.44,33.38,32.44,33.38,32.44,33.38
33.5,32.53,33.47,32.53,33.47,32.53,33.47,32.53,33.47
33.6,32.63,33.57,32.63,33.57,32.63,33.57,32.63,33.57
33.7,32.73,33.67,32.73,33.67,32.73,33.67,32.73,33.67
33.8,32.82,33.76,32.82,33.76,32.82,33.76,32.82,33.76
33.9,32.92,33.86,32.92,33.86,32.92,33.86,32.92,33.86
34.0,33.02,33.95,33.02,33.95,33.02,33.95,33.02,33.95
34.1,33.11,34.05,33.11,34.05,33.11,34.05,33.11,34.05
34.2,33.21,34.15,33.21,34.15,33.21,34.15,33.21,34.15
34.3,33.31,34.24,33.31,34.24,33.31,34.24,33.31,34.24
34.4,33.40,34.34,33.40,34.34,33.40,34.34,33.40,34.34
34.5,33.50,34.43,33.50,34.43,33.50,34.43,33.50,34.43
34.6,33.60,34.53,33.60,34.53,33.60,34.53,33.60,34.53
34.7,33.69,34.63,33.69,34.63,33.69,34.63,33.69,34.63
34.8,33.79,34.72,33.79,34.72,33.79,34.72,33.79,34.72
34.9,33.89,34.82,33.89,34.82,33.89,34.82,33.89,34.82
35.0,33.98,34.92,33.98,34.92,33.98,34.92,33.98,34.92
35.1,34.08,35.01,34.08,35.01,34.08,35.01,34.08,35.01
35.2,34.18,35.11,34.18,35.11,34.18,35.11,34.18,35.11
35.3,34.27,35.20,34.27,35.20,34.27,35.20,34.27,35.20
35.4,34.37,35.30,34.37,35.30,34.37,35.30,34.37,35.30
35.5,34.47,35.40,34.47,35.40,34.47,35.40,34.47,35.40
35.6,34.56,35.49,34.56,35.49,34.56,35.49,34.56,35.49
35.7,34.66,35.59,34.66,35.59,34.66,35.59,34.66,35.59
35.8,34.76,35.68,34.76,35.68,34.76,35.68,34.76,35.68
35.9,34.85,35.78,34.85,35.78,34.85,35.78,34.85,35.78
36.0,34.95,35.88,34.95,35.88,34.95,35.88,34.95,35.88
36.1,35.05,35.97,35.05,35.97,35.05,35.97,35.05,35.97
36.2,35.14,36.07,35.14,36.07,35.14,36.07,35.14,36.07
36.3,35.24,36.17,35.24,36.17,35.24,36.17,35.24,36.17
36.4,35.34,36.26,35.34,36.26,35.34,36.26,35.34,36.26
36.5,35.43,36.36,35.43,36.36,35.43,36.36,35.43,36.36
36.6,35.53,36.45,35.53,36.45,35.53,36.45,35.53,36.45
36.7,35.63,36.55,35.63,36.55,35.63,36.55,35.63,36.55
36.8,35.72,36.65,35.72,36.65,35.72,36.65,35.72,36.65
36.9,35.82,36.74,35.82,36.74,35.82,36.74,35.82,36.74
37.0,35.92,36.84,35.92,36.84,35.92,36.84,35.92,36.84
37.1,36.01,36.94,36.01,36.94,36.01,36.94,36.01,36.94
37.2,36.11,37.03,36.11,37.03,36.11,37.03,36.11,37.03
37.3,36.21,37.13,36.21,37.13,36.21,37.13,36.21,37.13
37.4,36.30,37.22,36.30,37.22,36.30,37.22,36.30,37.22
37.5,36.40,37.32,36.40,37.32,36.40,37.32,36.40,37.32
37.6,36.50,37.42,36.50,37.42,36.50,37.42,36.50,37.42
37.7,36.60,37.51,36.60,37.51,36.60,37.51,36.60,37.51
37.8,36.69,37.61,36.69,37.61,36.69,37.61,36.69,37.61
37.9,36.79,37.71,36.79,37.71,36.79,37.71,36.79,37.71
38.0,36.89,37.80,36.89,37.80,36.89,37.80,36.89,37.80
38.1,36.98,37.90,36.98,37.90,36.98,37.90,36.98,37.90
38.2,37.08,37.99,37.08,37.99,37.08,37.99,37.08,37.99
38.3,37.18,38.09,37.18,38.09,37.18,38.09,37.18,38.09
38.4,37.27,38.19,37.27,38.19,37.27,38.19,37.27,38.19
38.5,37.37,38.28,37.37,38.28,37.37,38.28,37.37,38.28
38.6,37.47,38.38,37.47,38.38,37.47,38.38,37.47,38.38
38.7,37.56,38.48,37.56,38.48,37.56,38.48,37.56,38.48
38.8,37.66,38.57,37.66,38.57,37.66,38.57,37.66,38.57
38.9,37.76,38.67,37.76,38.67,37.76,38.67,37.76,38.67
39.0,37.85,38.77,37.85,38.77,37.85,38.77,37.85,38.77
39.1,37.95,38.86,37.95,38.86,37.95,38.86,37.95,38.86
39.2,38.05,38.96,38.05,38.96,38.05,38.96,38.05,38.96
39.3,38.14,39.05,38.14,39.05,38.14,39.05,38.14,39.05
39.4,38.24,39.15,38.24,39.15,38.24,39.15,38.24,39.15
39.5,38.34,39.25,38.34,39.25,38.34,39.25,38.34,39.25
39.6,38.43,39.34,38.43,39.34,38.43,39.34,38.43,39.34
39.7,38.53,39.44,38.53,39.44,38.53,39.44,38.53,39.44
39.8,38.63,39.54,38.63,39.54,38.63,39.54,38.63,39.54
39.9,38.72,39.63,38.72,39.63,38.72,39.63,38.72,39.63
40.0,38.82,39.73,38.82,39.73,38.82,39.73,38.82,39.73
40.1,38.92,39.83,38.92,39.83,38.92,39.83,38.92,39.83
40.2,39.01,39.92,39.01,39.92,39.01,39.92,39.01,39.92
40.3,39.11,40.02,39.11,40.02,39.11,40.02,39.11,40.02
40.4,39.21,40.12,39.21,40.12,39.21,40.12,39.21,40.12
40.5,39.31,40.21,39.31,40.21,39.31,40.21,39.31,40.21
40.6,39.40,40.31,39.40,40.31,39.40,40.31,39.40,40.31
40.7,39.50,40.40,39.50,40.40,39.50,40.40,39.50,40.40
40.8,39.60,40.50,39.60,40.50,39.60,40.50,39.60,40.50
40.9,39.69,40.60,39.69,40.60,39.69,40.60,39.69,40.60
41.0,39.79,40.69,39.79,40.69,39.79,40.69,39.79,40.69
41.1,39.89,40.79,39.89,40.79,39.89,40.79,39.89,40.79
41.2,39.98,40.89,39.98,40.89,39.98,40.89,39.98,40.89
41.3,40.08,40.98,40.08,40.98,40.08,40.98,40.08,40.98
41.4,40.18,41.08,40.18,41.08,40.18,41.08,40.18,41.08
41.5,40.27,41.18,40.27,41.18,40.27,41.18,40.27,41.18
41.6,40.37,41.27,40.37,41.27,40.37,41.27,40.37,41.27
41.7,40.47,41.37,40.47,41.37,40.47,41.37,40.47,41.37
41.8,40.56,41.47,40.56,41.47,40.56,41.47,40.56,41.47
41.9,40.66,41.56,40.66,41.56,40.66,41.56,40.66,41.56
42.0,40.76,41.66,40.76,41.66,40.76,41.66,40.76,41.66
42.1,40.85,41.76,40.85,41.76,40.85,41.76,40.85,41.76
42.2,40.95,41.85,40.95,41.85,40.95,41.85,40.95,41.85
42.3,41.05,41.95,41.05,41.95,41.05,41.95,41.05,41.95
42.4,41.14,42.05,41.14,42.05,41.14,42.05,41.14,42.05
42.5,41.24,42.14,41.24,42.14,41.24,42.14,41.24,42.14
42.6,41.34,42.24,41.34,42.24,41.34,42.24,41.34,42.24
42.7,41.44,42.33,41.44,42.33,41.44,42.33,41.44,42.33
42.8,41.53,42.43,41.53,42.43,41.53,42.43,41.53,42.43
42.9,41.63,42.53,41.63,42.53,41.63,42.53,41.63,42.53
43.0,41.73,42.62,41.73,42.62,41.73,42.62,41.73,42.62
43.1,41.82,42.72,41.82,42.72,41.82,42.72,41.82,42.72
43.2,41.92,42.82,41.92,42.82,41.92,42.82,41.92,42.82
43.3,42.02,42.91,42.02,42.91,42.02,42.91,42.02,42.91
43.4,42.11,43.01,42.11,43.01,42.11,43.01,42.11,43.01
43.5,42.21,43.11,42.21,43.11,42.21,43.11,42.21,43.11
43.6,42.31,43.20,42.31,43.20,42.31,43.20,42.31,43.20
43.7,42.40,43.30,42.40,43.30,42.40,43.30,42.40,43.30
43.8,42.50,43.40,42.50,43.40,42.50,43.40,42.50,43.40
43.9,42.60,43.49,42.60,43.49,42.60,43.49,42.60,43.49
44.0,42.69,43.59,42.69,43.59,42.69,43.59,42.69,43.59
44.1,42.79,43.69,42.79,43.69,42.79,43.69,42.79,43.69
44.2,42.89,43.78,42.89,43.78,42.89,43.78,42.89,43.78
44.3,42.98,43.88,42.98,43.88,42.98,43.88,42.98,43.88
44.4,43.08,43.98,43.08,43.98,43.08,43.98,43.08,43.98
44.5,43.18,44.07,43.18,44.07,43.18,44.07,43.18,44.07
44.6,43.27,44.17,43.27,44.17,43.27,44.17,43.27,44.17
44.7,43.37,44.27,43.37,44.27,43.37,44.27,43.37,44.27
44.8,43.47,44.36,43.47,44.36,43.47,44.36,43.47,44.36
44.9,43.57,44.46,43.57,44.46,43.57,44.46,43.57,44.46
45.0,43.66,44.56,43.66,44.56,43.66,44.56,43.66,44.56
45.1,43.76,44.65,43.76,44.65,43.76,44.65,43.76,44.65
45.2,43.86,44.75,43.86,44.75,43.86,44.75,43.86,44.75
45.3,43.95,44.85,43.95,44.85,43.95,44.85,43.95,44.85
45.4,44.05,44.94,44.05,44.94,44.05,44.94,44.05,44.94
45.5,44.15,45.04,44.15,45.04,44.15,45.04,44.15,45.04
45.6,44.24,45.14,44.24,45.14,44.24,45.14,44.24,45.14
45.7,44.34,45.23,44.34,45.23,44.34,45.23,44.34,45.23
45.8,44.44,45.33,44.44,45.33,44.44,45.33,44.44,45.33
45.9,44.53,45.43,44.53,45.43,44.53,45.43,44.53,45.43
46.0,44.63,45.52,44.63,45.52,44.63,45.52,44.63,45.52
46.1,44.73,45.62,44.73,45.62,44.73,45.62,44.73,45.62
46.2,44.82,45.72,44.82,45.72,44.82,45.72,44.82,45.72
46.3,44.92,45.81,44.92,45.81,44.92,45.81,44.92,45.81
46.4,45.02,45.91,45.02,45.91,45.02,45.91,45.02,45.91
46.5,45.11,46.01,45.11,46.01,45.11,46.01,45.11,46.01
46.6,45.21,46.10,45.21,46.10,45.21,46.10,45.21,46.10
46.7,45.31,46.20,45.31,46.20,45.31,46.20,45.31,46.20
46.8,45.40,46.30,45.40,46.30,45.40,46.30,45.40,46.30
46.9,45.50,46.39,45.50,46.39,45.50,46.39,45.50,46.39
47.0,45.60,46.49,45.60,46.49,45.60,46.49,45.60,46.49
47.1,45.70,46.59,45.70,46.59,45.70,46.59,45.70,46.59
47.2,45.79,46.68,45.79,46.68,45.79,46.68,45.79,46.68
47.3,45.89,46.78,45.89,46.78,45.89,46.78,45.89,46.78
47.4,45.99,46.88,45.99,46.88,45.99,46.88,45.99,46.88
47.5,46.08,46.97,46.08,46.97,46.08,46.97,46.08,46.97
47.6,46.18,47.07,46.18,47.07,46.18,47.07,46.18,47.07
47.7,46.28,47.17,46.28,47.17,46.28,47.17,46.28,47.17
47.8,46.37,47.26,46.37,47.26,46.37,47.26,46.37,47.26
47.9,46.47,47.36,46.47,47.36,46.47,47.36,46.47,47.36
48.0,46.57,47.46,46.57,47.46,46.57,47.46,46.57,47.46
48.1,46.66,47.55,46.66,47.55,46.66,47.55,46.66,47.55
48.2,46.76,47.65,46.76,47.65,46.76,47.65,46.76,47.65
48.3,46.86,47.75,46.86,47.75,46.86,47.75,46.86,47.75
48.4,46.95,47.84,46.95,47.84,46.95,47.84,46.95,47.84
48.5,47.05,47.94,47.05,47.94,47.05,47.94,47.05,47.94
48.6,47.15,48.04,47.15,48.04,47.15,48.04,47.15,48.04
48.7,47.24,48.14,47.24,48.14,47.24,48.14,47.24,48.14
48.8,47.34,48.23,47.34,48.23,47.34,48.23,47.34,48.23
48.9,47.44,48.33,47.44,48.33,47.44,48.33,47.44,48.33
49.0,47.53,48.43,47.53,48.43,47.53,48.43,47.53,48.43
49.1,47.63,48.52,47.63,48.52,47.63,48.52,47.63,48.52
49.2,47.73,48.62,47.73,48.62,47.73,48.62,47.73,48.62
49.3,47.82,48.72,47.82,48.72,47.82,48.72,47.82,48.72
49.4,47.92,48.81,47.92,48.81,47.92,48.81,47.92,48.81
49.5,48.02,48.91,48.02,48.91,48.02,48.91,48.02,48.91
49.6,48.11,49.01,48.11,49.01,48.11,49.01,48.11,49.01
49.7,48.21,49.10,48.21,49.10,48.21,49.10,48.21,49.10
49.8,48.31,49.20,48.31,49.20,48.31,49.20,48.31,49.20
49.9,48.41,49.30,48.41,49.30,48.41,49.30,48.41,49.30
50.0,48.50,49.39,48.50,49.39,48.50,49.39,48.50,49.39
50.1,48.60,49.49,48.60,49.49,48.60,49.49,48.60,49.49
50.2,48.70,49.59,48.70,49.59,48.70,49.59,48.70,49.59
50.3,48.79,49.68,48.79,49.68,48.79,49.68,48.79,49.68
50.4,48.89,49.78,48.89,49.78,48.89,49.78,48.89,49.78
50.5,48.99,49.88,48.99,49.88,48.99,49.88,48.99,49.88
50.6,49.08,49.97,49.08,49.97,49.08,49.97,49.08,49.97
50.7,49.18,50.07,49.18,50.07,49.18,50.07,49.18,50.07
50.8,49.28,50.17,49.28,50.17,49.28,50.17,49.28,50.17
50.9,49.37,50.26,49.37,50.26,49.37,50.26,49.37,50.26
51.0,49.47,50.36,49.47,50.36,49.47,50.36,49.47,50.36
51.1,49.57,50.46,49.57,50.46,49.57,50.46,49.57,50.46
51.2,49.66,50.56,49.66,50.56,49.66,50.56,49.66,50.56
51.3,49.76,50.65,49.76,50.65,49.76,50.65,49.76,50.65
51.4,49.86,50.75,49.86,50.75,49.86,50.75,49.86,50.75
51.5,49.95,50.85,49.95,50.85,49.95,50.85,49.95,50.85
51.6,50.05,50.94,50.05,50.94,50.05,50.94,50.05,50.94
51.7,50.15,51.04,50.15,51.04,50.15,51.04,50.15,51.04
51.8,50.24,51.14,50.24,51.14,50.24,51.14,50.24,51.14
51.9,50.34,51.23,50.34,51.23,50.34,51.23,50.34,51.23
52.0,50.44,51.33,50.44,51.33,50.44,51.33,50.44,51.33
52.1,50.53,51.43,50.53,51.43,50.53,51.43,50.53,51.43
52.2,50.63,51.52,50.63,51.52,50.63,51.52,50.63,51.52
52.3,50.73,51.62,50.73,51.62,50.73,51.62,50.73,51.62
52.4,50.82,51.72,50.82,51.72,50.82,51.72,50.82,51.72
52.5,50.92,51.81,50.92,51.81,50.92,51.81,50.92,51.81
52.6,51.02,51.91,51.02,51.91,51.02,51.91,51.02,51.91
52.7,51.11,52.01,51.11,52.01,51.11,52.01,51.11,52.01
52.8,51.21,52.10,51.21,52.10,51.21,52.10,51.21,52.10
52.9,51.31,52.20,51.31,52.20,51.31,52.20,51.31,52.20
53.0,51.40,52.30,51.40,52.30,51.40,52.30,51.40,52.30
53.1,51.50,52.39,51.50,52.39,51.50,52.39,51.50,52.39
53.2,51.60,52.49,51.60,52.49,51.60,52.49,51.60,52.49
53.3,51.70,52.59,51.70,52.59,51.70,52.59,51.70,52.59
53.4,51.79,52.69,51.79,52.69,51.79,52.69,51.79,52.69
53.5,51.89,52.78,51.89,52.78,51.89,52.78,51.89,52.78
53.6,51.99,52.88,51.99,52.88,51.99,52.88,51.99,52.88
53.7,52.08,52.98,52.08,52.98,52.08,52.98,52.08,52.98
53.8,52.18,53.07,52.18,53.07,52.18,53.07,52.18,53.07
53.9,52.28,53.17,52.28,53.17,52.28,53.17,52.28,53.17
54.0,52.37,53.27,52.37,53.27,52.37,53.27,52.37,53.27
54.1,52.47,53.36,52.47,53.36,52.47,53.36,52.47,53.36
54.2,52.57,53.46,52.57,53.46,52.57,53.46,52.57,53.46
54.3,52.66,53.56,52.66,53.56,52.66,53.56,52.66,53.56
54.4,52.76,53.65,52.76,53.65,52.76,53.65,52.76,53.65
54.5,52.86,53.75,52.86,53.75,52.86,53.75,52.86,53.75
54.6,52.95,53.85,52.95,53.85,52.95,53.85,52.95,53.85
54.7,53.05,53.94,53.05,53.94,53.05,53.94,53.05,53.94
54.8,53.15,54.04,53.15,54.04,53.15,54.04,53.15,54.04
54.9,53.24,54.14,53.24,54.14,53.24,54.14,53.24,54.14
55.0,53.34,54.23,53.34,54.23,53.34,54.23,53.34,54.23
55.1,53.44,54.33,53.44,54.33,53.44,54.33,53.44,54.33
55.2,53.53,54.43,53.53,54.43,53.53,54.43,53.53,54.43
55.3,53.63,54.53,53.63,54.53,53.63,54.53,53.63,54.53
55.4,53.73,54.62,53.73,54.62,53.73,54.62,53.73,54.62
55.5,53.82,54.72,53.82,54.72,53.82,54.72,53.82,54.72
55.6,53.92,54.82,53.92,54.82,53.92,54.82,53.92,54.82
55.7,54.02,54.91,54.02,54.91,54.02,54.91,54.02,54.91
55.8,54.11,55.01,54.11,55.01,54.11,55.01,54.11,55.01
55.9,54.21,55.11,54.21,55.11,54.21,55.11,54.21,55.11
56.0,54.31,55.20,54.31,55.20,54.31,55.20,54.31,55.20
56.1,54.40,55.30,54.40,55.30,54.40,55.30,54.40,55.30
56.2,54.50,55.40,54.50,55.40,54.50,55.40,54.50,55.40
56.3,54.60,55.49,54.60,55.49,54.60,55.49,54.60,55.49
56.4,54.69,55.59,54.69,55.59,54.69,55.59,54.69,55.59
56.5,54.79,55.69,54.79,55.69,54.79,55.69,54.79,55.69
56.6,54.89,55.78,54.89,55.78,54.89,55.78,54.89,55.78
56.7,54.98,55.88,54.98,55.88,54.98,55.88,54.98,55.88
56.8,55.08,55.98,55.08,55.98,55.08,55.98,55.08,55.98
56.9,55.18,56.07,55.18,56.07,55.18,56.07,55.18,56.07
57.0,55.27,56.17,55.27,56.17,55.27,56.17,55.27,56.17
57.1,55.37,56.27,55.37,56.27,55.37,56.27,55.37,56.27
57.2,55.47,56.37,55.47,56.37,55.47,56.37,55.47,56.37
57.3,55.56,56.46,55.56,56.46,55.56,56.46,55.56,56.46
57.4,55.66,56.56,55.66,56.56,55.66,56.56,55.66,56.56
57.5,55.76,56.66,55.76,56.66,55.76,56.66,55.76,56.66
57.6,55.85,56.75,55.85,56.75,55.85,56.75,55.85,56.75
57.7,55.95,56.85,55.95,56.85,55.95,56.85,55.95,56.85
57.8,56.05,56.95,56.05,56.95,56.05,56.95,56.05,56.95
57.9,56.14,57.04,56.14,57.04,56.14,57.04,56.14,57.04
58.0,56.24,57.14,56.24,57.14,56.24,57.14,56.24,57.14
58.1,56.34,57.24,56.34,57.24,56.34,57.24,56.34,57.24
58.2,56.43,57.33,56.43,57.33,56.43,57.33,56.43,57.33
58.3,56.53,57.43,56.53,57.43,56.53,57.43,56.53,57.43
58.4,56.63,57.53,56.63,57.53,56.63,57.53,56.63,57.53
58.5,56.72,57.62,56.72,57.62,56.72,57.62,56.72,57.62
58.6,56.82,57.72,56.82,57.72,56.82,57.72,56.82,57.72
58.7,56.92,57.82,56.92,57.82,56.92,57.82,56.92,57.82
58.8,57.01,57.91,57.01,57.91,57.01,57.91,57.01,57.91
58.9,57.11,58.01,57.11,58.01,57.11,58.01,57.11,58.01
59.0,57.21,58.11,57.21,58.11,57.21,58.11,57.21,58.11
59.1,57.30,58.21,57.30,58.21,57.30,58.21,57.30,58.21
59.2,57.40,58.30,57.40,58.30,57.40,58.30,57.40,58.30
59.3,57.50,58.40,57.50,58.40,57.50,58.40,57.50,58.40
59.4,57.59,58.50,57.59,58.50,57.59,58.50,57.59,58.50
59.5,57.69,58.59,57.69,58.59,57.69,58.59,57.69,58.59
59.6,57.79,58.69,57.79,58.69,57.79,58.69,57.79,58.69
59.7,57.88,58.79,57.88,58.79,57.88,58.79,57.88,58.79
59.8,57.98,58.88,57.98,58.88,57.98,58.88,57.98,58.88
59.9,58.08,58.98,58.08,58.98,58.08,58.98,58.08,58.98
60.0,58.18,59.08,58.18,59.08,58.18,59.08,58.18,59.08
60.1,58.27,59.17,58.27,59.17,58.27,59.17,58.27,59.17
60.2,58.37,59.27,58.37,59.27,58.37,59.27,58.37,59.27
60.3,58.47,59.37,58.47,59.37,58.47,59.37,58.47,59.37
60.4,58.56,59.46,58.56,59.46,58.56,59.46,58.56,59.46
60.5,58.66,59.56,58.66,59.56,58.66,59.56,58.66,59.56
60.6,58.76,59.66,58.76,59.66,58.76,59.66,58.76,59.66
60.7,58.85,59.75,58.85,59.75,58.85,59.75,58.85,59.75
60.8,58.95,59.85,58.95,59.85,58.95,59.85,58.95,59.85
60.9,59.05,59.95,59.05,59.95,59.05,59.95,59.05,59.95
61.0,59.14,60.04,59.14,60.04,59.14,60.04,59.14,60.04
61.1,59.24,60.14,59.24,60.14,59.24,60.14,59.24,60.14
61.2,59.34,60.24,59.34,60.24,59.34,60.24,59.34,60.24
61.3,59.43,60.34,59.43,60.34,59.43,60.34,59.43,60.34
61.4,59.53,60.43,59.53,60.43,59.53,60.43,59.53,60.43
61.5,59.63,60.53,59.63,60.53,59.63,60.53,59.63,60.53
61.6,59.72,60.63,59.72,60.63,59.72,60.63,59.72,60.63
61.7,59.82,60.72,59.82,60.72,59.82,60.72,59.82,60.72
61.8,59.92,60.82,59.92,60.82,59.92,60.82,59.92,60.82
61.9,60.01,60.92,60.01,60.92,60.01,60.92,60.01,60.92
62.0,60.11,61.01,60.11,61.01,60.11,61.01,60.11,61.01
62.1,60.21,61.11,60.21,61.11,60.21,61.11,60.21,61.11
62.2,60.30,61.21,60.30,61.21,60.30,61.21,60.30,61.21
62.3,60.40,61.30,60.40,61.30,60.40,61.30,60.40,61.30
62.4,60.50,61.40,60.50,61.40,60.50,61.40,60.50,61.40
62.5,60.59,61.50,60.59,61.50,60.59,61.50,60.59,61.50
62.6,60.69,61.59,60.69,61.59,60.69,61.59,60.69,61.59
62.7,60.79,61.69,60.79,61.69,60.79,61.69,60.79,61.69
62.8,60.88,61.79,60.88,61.79,60.88,61.79,60.88,61.79
62.9,60.98,61.88,60.98,61.88,60.98,61.88,60.98,61.88
63.0,61.08,61.98,61.08,61.98,61.08,61.98,61.08,61.98
63.1,61.17,62.08,61.17,62.08,61.17,62.08,61.17,62.08
63.2,61.27,62.17,61.27,62.17,61.27,62.17,61.27,62.17
63.3,61.37,62.27,61.37,62.27,61.37,62.27,61.37,62.27
63.4,61.46,62.37,61.46,62.37,61.46,62.37,61.46,62.37
63.5,61.56,62.46,61.56,62.46,61.56,62.46,61.56,62.46
63.6,61.66,62.56,61.66,62.56,61.66,62.56,61.66,62.56
63.7,61.75,62.66,61.75,62.66,61.75,62.66,61.75,62.66
63.8,61.85,62.75,61.85,62.75,61.85,62.75,61.85,62.75
63.9,61.95,62.85,61.95,62.85,61.95,62.85,61.95,62.85
64.0,62.04,62.95,62.04,62.95,62.04,62.95,62.04,62.95
64.1,62.14,63.05,62.14,63.05,62.14,63.05,62.14,63.05
64.2,62.24,63.14,62.24,63.14,62.24,63.14,62.24,63.14
64.3,62.33,63.24,62.33,63.24,62.33,63.24,62.33,63.24
64.4,62.43,63.34,62.43,63.34,62.43,63.34,62.43,63.34
64.5,62.53,63.43,62.53,63.43,62.53,63.43,62.53,63.43
64.6,62.62,63.53,62.62,63.53,62.62,63.53,62.62,63.53
64.7,62.72,63.63,62.72,63.63,62.72,63.63,62.72,63.63
64.8,62.82,63.72,62.82,63.72,62.82,63.72,62.82,63.72
64.9,62.91,63.82,62.91,63.82,62.91,63.82,62.91,63.82
65.0,63.01,63.92,63.01,63.92,63.01,63.92,63.01,63.92
65.1,63.11,64.01,63.11,64.01,63.11,64.01,63.11,64.01
65.2,63.20,64.11,63.20,64.11,63.20,64.11,63.20,64.11
65.3,63.30,64.21,63.30,64.21,63.30,64.21,63.30,64.21
65.4,63.40,64.30,63.40,64.30,63.40,64.30,63.40,64.30
65.5,63.49,64.40,63.49,64.40,63.49,64.40,63.49,64.40
65.6,63.59,64.50,63.59,64.50,63.59,64.50,63.59,64.50
65.7,63.69,64.59,63.69,64.59,63.69,64.59,63.69,64.59
65.8,63.78,64.69,63.78,64.69,63.78,64.69,63.78,64.69
65.9,63.88,64.79,63.88,64.79,63.88,64.79,63.88,64.79
66.0,63.98,64.88,63.98,64.88,63.98,64.88,63.98,64.88
66.1,64.07,64.98,64.07,64.98,64.07,64.98,64.07,64.98
66.2,64.17,65.08,64.17,65.08,64.17,65.08,64.17,65.08
66.3,64.27,65.17,64.27,65.17,64.27,65.17,64.27,65.17
66.4,64.36,65.27,64.36,65.27,64.36,65.27,64.36,65.27
66.5,64.46,65.37,64.46,65.37,64.46,65.37,64.46,65.37
66.6,64.56,65.46,64.56,65.46,64.56,65.46,64.56,65.46
66.7,64.65,65.56,64.65,65.56,64.65,65.56,64.65,65.56
66.8,64.75,65.66,64.75,65.66,64.75,65.66,64.75,65.66
66.9,64.85,65.75,64.85,65.75,64.85,65.75,64.85,65.75
67.0,64.94,65.85,64.94,65.85,64.94,65.85,64.94,65.85
67.1,65.04,65.95,65.04,65.95,65.04,65.95,65.04,65.95
67.2,65.14,66.04,65.14,66.04,65.14,66.04,65.14,66.04
67.3,65.23,66.14,65.23,66.14,65.23,66.14,65.23,66.14
67.4,65.33,66.24,65.33,66.24,65.33,66.24,65.33,66.24
67.5,65.43,66.33,65.43,66.33,65.43,66.33,65.43,66.33
67.6,65.52,66.43,65.52,66.43,65.52,66.43,65.52,66.43
67.7,65.62,66.53,65.62,66.53,65.62,66.53,65.62,66.53
67.8,65.72,66.62,65.72,66.62,65.72,66.62,65.72,66.62
67.9,65.82,66.72,65.82,66.72,65.82,66.72,65.82,66.72
68.0,65.91,66.82,65.91,66.82,65.91,66.82,65.91,66.82
68.1,66.01,66.91,66.01,66.91,66.01,66.91,66.01,66.91
68.2,66.11,67.01,66.11,67.01,66.11,67.01,66.11,67.01
68.3,66.20,67.11,66.20,67.11,66.20,67.11,66.20,67.11
68.4,66.30,67.20,66.30,67.20,66.30,67.20,66.30,67.20
68.5,66.40,67.30,66.40,67.30,66.40,67.30,66.40,67.30
68.6,66.49,67.40,66.49,67.40,66.49,67.40,66.49,67.40
68.7,66.59,67.49,66.59,67.49,66.59,67.49,66.59,67.49
68.8,66.69,67.59,66.69,67.59,66.69,67.59,66.69,67.59
68.9,66.78,67.69,66.78,67.69,66.78,67.69,66.78,67.69
69.0,66.88,67.78,66.88,67.78,66.88,67.78,66.88,67.78
69.1,66.98,67.88,66.98,67.88,66.98,67.88,66.98,67.88
69.2,67.07,67.98,67.07,67.98,67.07,67.98,67.07,67.98
69.3,67.17,68.07,67.17,68.07,67.17,68.07,67.17,68.07
69.4,67.27,68.17,67.27,68.17,67.27,68.17,67.27,68.17
69.5,67.36,68.27,67.36,68.27,67.36,68.27,67.36,68.27
69.6,67.46,68.36,67.46,68.36,67.46,68.36,67.46,68.36
69.7,67.56,68.46,67.56,68.46,67.56,68.46,67.56,68.46
69.8,67.65,68.56,67.65,68.56,67.65,68.56,67.65,68.56
69.9,67.75,68.65,67.75,68.65,67.75,68.65,67.75,68.65
70.0,67.85,68.75,67.85,68.75,67.85,68.75,67.85,68.75
70.1,67.94,68.85,67.94,68.85,67.94,68.85,67.94,68.85
70.2,68.04,68.94,68.04,68.94,68.04,68.94,68.04,68.94
70.3,68.14,69.04,68.14,69.04,68.14,69.04,68.14,69.04
70.4,68.23,69.14,68.23,69.14,68.23,69.14,68.23,69.14
70.5,68.33,69.23,68.33,69.23,68.33,69.23,68.33,69.23
70.6,68.43,69.33,68.43,69.33,68.43,69.33,68.43,69.33
70.7,68.52,69.43,68.52,69.43,68.52,69.43,68.52,69.43
70.8,68.62,69.52,68.62,69.52,68.62,69.52,68.62,69.52
70.9,68.72,69.62,68.72,69.62,68.72,69.62,68.72,69.62
71.0,68.81,69.72,68.81,69.72,68.81,69.72,68.81,69.72
71.1,68.91,69.81,68.91,69.81,68.91,69.81,68.91,69.81
71.2,69.01,69.91,69.01,69.91,69.01,69.91,69.01,69.91
71.3,69.11,70.00,69.11,70.00,69.11,70.00,69.11,70.00
71.4,69.20,70.10,69.20,70.10,69.20,70.10,69.20,70.10
71.5,69.30,70.20,69.30,70.20,69.30,70.20,69.30,70.20
71.6,69.40,70.29,69.40,70.29,69.40,70.29,69.40,70.29
71.7,69.49,70.39,69.49,70.39,69.49,70.39,69.49,70.39
71.8,69.59,70.49,69.59,70.49,69.59,70.49,69.59,70.49
71.9,69.69,70.58,69.69,70.58,69.69,70.58,69.69,70.58
72.0,69.78,70.68,69.78,70.68,69.78,70.68,69.78,70.68
72.1,69.88,70.78,69.88,70.78,69.88,70.78,69.88,70.78
72.2,69.98,70.87,69.98,70.87,69.98,70.87,69.98,70.87
72.3,70.07,70.97,70.07,70.97,70.07,70.97,70.07,70.97
72.4,70.17,71.07,70.17,71.07,70.17,71.07,70.17,71.07
72.5,70.27,71.16,70.27,71.16,70.27,71.16,70.27,71.16
72.6,70.36,71.26,70.36,71.26,70.36,71.26,70.36,71.26
72.7,70.46,71.36,70.46,71.36,70.46,71.36,70.46,71.36
72.8,70.56,71.45,70.56,71.45,70.56,71.45,70.56,71.45
72.9,70.65,71.55,70.65,71.55,70.65,71.55,70.65,71.55
73.0,70.75,71.65,70.75,71.65,70.75,71.65,70.75,71.65
73.1,70.85,71.74,70.85,71.74,70.85,71.74,70.85,71.74
73.2,70.94,71.84,70.94,71.84,70.94,71.84,70.94,71.84
73.3,71.04,71.94,71.04,71.94,71.04,71.94,71.04,71.94
73.4,71.14,72.03,71.14,72.03,71.14,72.03,71.14,72.03
73.5,71.24,72.13,71.24,72.13,71.24,72.13,71.24,72.13
73.6,71.33,72.22,71.33,72.22,71.33,72.22,71.33,72.22
73.7,71.43,72.32,71.43,72.32,71.43,72.32,71.43,72.32
73.8,71.53,72.42,71.53,72.42,71.53,72.42,71.53,72.42
73.9,71.62,72.51,71.62,72.51,71.62,72.51,71.62,72.51
74.0,71.72,72.61,71.72,72.61,71.72,72.61,71.72,72.61
74.1,71.82,72.71,71.82,72.71,71.82,72.71,71.82,72.71
74.2,71.91,72.80,71.91,72.80,71.91,72.80,71.91,72.80
74.3,72.01,72.90,72.01,72.90,72.01,72.90,72.01,72.90
74.4,72.11,73.00,72.11,73.00,72.11,73.00,72.11,73.00
74.5,72.20,73.09,72.20,73.09,72.20,73.09,72.20,73.09
74.6,72.30,73.19,72.30,73.19,72.30,73.19,72.30,73.19
74.7,72.40,73.29,72.40,73.29,72.40,73.29,72.40,73.29
74.8,72.49,73.38,72.49,73.38,72.49,73.38,72.49,73.38
74.9,72.59,73.48,72.59,73.48,72.59,73.48,72.59,73.48
75.0,72.69,73.58,72.69,73.58,72.69,73.58,72.69,73.58
75.1,72.78,73.67,72.78,73.67,72.78,73.67,72.78,73.67
75.2,72.88,73.77,72.88,73.77,72.88,73.77,72.88,73.77
75.3,72.98,73.86,72.98,73.86,72.98,73.86,72.98,73.86
75.4,73.08,73.96,73.08,73.96,73.08,73.96,73.08,73.96
75.5,73.17,74.06,73.17,74.06,73.17,74.06,73.17,74.06
75.6,73.27,74.15,73.27,74.15,73.27,74.15,73.27,74.15
75.7,73.37,74.25,73.37,74.25,73.37,74.25,73.37,74.25
75.8,73.46,74.35,73.46,74.35,73.46,74.35,73.46,74.35
75.9,73.56,74.44,73.56,74.44,73.56,74.44,73.56,74.44
76.0,73.66,74.54,73.66,74.54,73.66,74.54,73.66,74.54
76.1,73.75,74.64,73.75,74.64,73.75,74.64,73.75,74.64
76.2,73.85,74.73,73.85,74.73,73.85,74.73,73.85,74.73
76.3,73.95,74.83,73.95,74.83,73.95,74.83,73.95,74.83
76.4,74.04,74.92,74.04,74.92,74.04,74.92,74.04,74.92
76.5,74.14,75.02,74.14,75.02,74.14,75.02,74.14,75.02
76.6,74.24,75.12,74.24,75.12,74.24,75.12,74.24,75.12
76.7,74.33,75.21,74.33,75.21,74.33,75.21,74.33,75.21
76.8,74.43,75.31,74.43,75.31,74.43,75.31,74.43,75.31
76.9,74.53,75.41,74.53,75.41,74.53,75.41,74.53,75.41
77.0,74.63,75.50,74.63,75.50,74.63,75.50,74.63,75.50
77.1,74.72,75.60,74.72,75.60,74.72,75.60,74.72,75.60
77.2,74.82,75.70,74.82,75.70,74.82,75.70,74.82,75.70
77.3,74.92,75.79,74.92,75.79,74.92,75.79,74.92,75.79
77.4,75.01,75.89,75.01,75.89,75.01,75.89,75.01,75.89
77.5,75.11,75.98,75.11,75.98,75.11,75.98,75.11,75.98
77.6,75.21,76.08,75.21,76.08,75.21,76.08,75.21,76.08
77.7,75.30,76.18,75.30,76.18,75.30,76.18,75.30,76.18
77.8,75.40,76.27,75.40,76.27,75.40,76.27,75.40,76.27
77.9,75.50,76.37,75.50,76.37,75.50,76.37,75.50,76.37
78.0,75.59,76.47,75.59,76.47,75.59,76.47,75.59,76.47
78.1,75.69,76.56,75.69,76.56,75.69,76.56,75.69,76.56
78.2,75.79,76.66,75.79,76.66,75.79,76.66,75.79,76.66
78.3,75.89,76.76,75.89,76.76,75.89,76.76,75.89,76.76
78.4,75.98,76.85,75.98,76.85,75.98,76.85,75.98,76.85
78.5,76.08,76.95,76.08,76.95,76.08,76.95,76.08,76.95
78.6,76.18,77.04,76.18,77.04,76.18,77.04,76.18,77.04
78.7,76.27,77.14,76.27,77.14,76.27,77.14,76.27,77.14
78.8,76.37,77.24,76.37,77.24,76.37,77.24,76.37,77.24
78.9,76.47,77.33,76.47,77.33,76.47,77.33,76.47,77.33
79.0,76.56,77.43,76.56,77.43,76.56,77.43,76.56,77.43
79.1,76.66,77.53,76.66,77.53,76.66,77.53,76.66,77.53
79.2,76.76,77.62,76.76,77.62,76.76,77.62,76.76,77.62
79.3,76.85,77.72,76.85,77.72,76.85,77.72,76.85,77.72
79.4,76.95,77.81,76.95,77.81,76.95,77.81,76.95,77.81
79.5,77.05,77.91,77.05,77.91,77.05,77.91,77.05,77.91
79.6,77.15,78.01,77.15,78.01,77.15,78.01,77.15,78.01
79.7,77.24,78.10,77.24,78.10,77.24,78.10,77.24,78.10
79.8,77.34,78.20,77.34,78.20,77.34,78.20,77.34,78.20
79.9,77.44,78.30,77.44,78.30,77.44,78.30,77.44,78.30
80.0,77.53,78.39,77.53,78.39,77.53,78.39,77.53,78.39
80.1,77.63,78.49,77.63,78.49,77.63,78.49,77.63,78.49
80.2,77.73,78.58,77.73,78.58,77.73,78.58,77.73,78.58
80.3,77.82,78.68,77.82,78.68,77.82,78.68,77.82,78.68
80.4,77.92,78.78,77.92,78.78,77.92,78.78,77.92,78.78
80.5,78.02,78.87,78.02,78.87,78.02,78.87,78.02,78.87
80.6,78.12,78.97,78.12,78.97,78.12,78.97,78.12,78.97
80.7,78.21,79.07,78.21,79.07,78.21,79.07,78.21,79.07
80.8,78.31,79.16,78.31,79.16,78.31,79.16,78.31,79.16
80.9,78.41,79.26,78.41,79.26,78.41,79.26,78.41,79.26
81.0,78.50,79.35,78.50,79.35,78.50,79.35,78.50,79.35
81.1,78.60,79.45,78.60,79.45,78.60,79.45,78.60,79.45
81.2,78.70,79.55,78.70,79.55,78.70,79.55,78.70,79.55
81.3,78.79,79.64,78.79,79.64,78.79,79.64,78.79,79.64
81.4,78.89,79.74,78.89,79.74,78.89,79.74,78.89,79.74
81.5,78.99,79.83,78.99,79.83,78.99,79.83,78.99,79.83
81.6,79.09,79.93,79.09,79.93,79.09,79.93,79.09,79.93
81.7,79.18,80.03,79.18,80.03,79.18,80.03,79.18,80.03
81.8,79.28,80.12,79.28,80.12,79.28,80.12,79.28,80.12
81.9,79.38,80.22,79.38,80.22,79.38,80.22,79.38,80.22
82.0,79.47,80.32,79.47,80.32,79.47,80.32,79.47,80.32
82.1,79.57,80.41,79.57,80.41,79.57,80.41,79.57,80.41
82.2,79.67,80.51,79.67,80.51,79.67,80.51,79.67,80.51
82.3,79.76,80.60,79.76,80.60,79.76,80.60,79.76,80.60
82.4,79.86,80.70,79.86,80.70,79.86,80.70,79.86,80.70
82.5,79.96,80.80,79.96,80.80,79.96,80.80,79.96,80.80
82.6,80.06,80.89,80.06,80.89,80.06,80.89,80.06,80.89
82.7,80.15,80.99,80.15,80.99,80.15,80.99,80.15,80.99
82.8,80.25,81.08,80.25,81.08,80.25,81.08,80.25,81.08
82.9,80.35,81.18,80.35,81.18,80.35,81.18,80.35,81.18
83.0,80.44,81.28,80.44,81.28,80.44,81.28,80.44,81.28
83.1,80.54,81.37,80.54,81.37,80.54,81.37,80.54,81.37
83.2,80.64,81.47,80.64,81.47,80.64,81.47,80.64,81.47
83.3,80.73,81.57,80.73,81.57,80.73,81.57,80.73,81.57
83.4,80.83,81.66,80.83,81.66,80.83,81.66,80.83,81.66
83.5,80.93,81.76,80.93,81.76,80.93,81.76,80.93,81.76
83.6,81.03,81.85,81.03,81.85,81.03,81.85,81.03,81.85
83.7,81.12,81.95,81.12,81.95,81.12,81.95,81.12,81.95
83.8,81.22,82.05,81.22,82.05,81.22,82.05,81.22,82.05
83.9,81.32,82.14,81.32,82.14,81.32,82.14,81.32,82.14
84.0,81.41,82.24,81.41,82.24,81.41,82.24,81.41,82.24
84.1,81.51,82.33,81.51,82.33,81.51,82.33,81.51,82.33
84.2,81.61,82.43,81.61,82.43,81.61,82.43,81.61,82.43
84.3,81.70,82.53,81.70,82.53,81.70,82.53,81.70,82.53
84.4,81.80,82.62,81.80,82.62,81.80,82.62,81.80,82.62
84.5,81.90,82.72,81.90,82.72,81.90,82.72,81.90,82.72
84.6,81.99,82.81,81.99,82.81,81.99,82.81,81.99,82.81
84.7,82.09,82.91,82.09,82.91,82.09,82.91,82.09,82.91
84.8,82.19,83.01,82.19,83.01,82.19,83.01,82.19,83.01
84.9,82.29,83.10,82.29,83.10,82.29,83.10,82.29,83.10
85.0,82.38,83.20,82.38,83.20,82.38,83.20,82.38,83.20
85.1,82.48,83.29,82.48,83.29,82.48,83.29,82.48,83.29
85.2,82.58,83.39,82.58,83.39,82.58,83.39,82.58,83.39
85.3,82.67,83.49,82.67,83.49,82.67,83.49,82.67,83.49
85.4,82.77,83.58,82.77,83.58,82.77,83.58,82.77,83.58
85.5,82.87,83.68,82.87,83.68,82.87,83.68,82.87,83.68
85.6,82.96,83.77,82.96,83.77,82.96,83.77,82.96,83.77
85.7,83.06,83.87,83.06,83.87,83.06,83.87,83.06,83.87
85.8,83.16,83.97,83.16,83.97,83.16,83.97,83.16,83.97
85.9,83.26,84.06,83.26,84.06,83.26,84.06,83.26,84.06
86.0,83.35,84.16,83.35,84.16,83.35,84.16,83.35,84.16
86.1,83.45,84.25,83.45,84.25,83.45,84.25,83.45,84.25
86.2,83.55,84.35,83.55,84.35,83.55,84.35,83.55,84.35
86.3,83.64,84.45,83.64,84.45,83.64,84.45,83.64,84.45
86.4,83.74,84.54,83.74,84.54,83.74,84.54,83.74,84.54
86.5,83.84,84.64,83.84,84.64,83.84,84.64,83.84,84.64
86.6,83.93,84.73,83.93,84.73,83.93,84.73,83.93,84.73
86.7,84.03,84.83,84.03,84.83,84.03,84.83,84.03,84.83
86.8,84.13,84.93,84.13,84.93,84.13,84.93,84.13,84.93
86.9,84.23,85.02,84.23,85.02,84.23,85.02,84.23,85.02
87.0,84.32,85.12,84.32,85.12,84.32,85.12,84.32,85.12
87.1,84.42,85.21,84.42,85.21,84.42,85.21,84.42,85.21
87.2,84.52,85.31,84.52,85.31,84.52,85.31,84.52,85.31
87.3,84.61,85.40,84.61,85.40,84.61,85.40,84.61,85.40
87.4,84.71,85.50,84.71,85.50,84.71,85.50,84.71,85.50
87.5,84.81,85.60,84.81,85.60,84.81,85.60,84.81,85.60
87.6,84.90,85.69,84.90,85.69,84.90,85.69,84.90,85.69
87.7,85.00,85.79,85.00,85.79,85.00,85.79,85.00,85.79
87.8,85.10,85.88,85.10,85.88,85.10,85.88,85.10,85.88
87.9,85.20,85.98,85.20,85.98,85.20,85.98,85.20,85.98
88.0,85.29,86.08,85.29,86.08,85.29,86.08,85.29,86.08
88.1,85.39,86.17,85.39,86.17,85.39,86.17,85.39,86.17
88.2,85.49,86.27,85.49,86.27,85.49,86.27,85.49,86.27
88.3,85.58,86.36,85.58,86.36,85.58,86.36,85.58,86.36
88.4,85.68,86.46,85.68,86.46,85.68,86.46,85.68,86.46
88.5,85.78,86.56,85.78,86.56,85.78,86.56,85.78,86.56
88.6,85.87,86.65,85.87,86.65,85.87,86.65,85.87,86.65
88.7,85.97,86.75,85.97,86.75,85.97,86.75,85.97,86.75
88.8,86.07,86.84,86.07,86.84,86.07,86.84,86.07,86.84
88.9,86.16,86.94,86.16,86.94,86.16,86.94,86.16,86.94
89.0,86.26,87.03,86.26,87.03,86.26,87.03,86.26,87.03
89.1,86.36,87.13,86.36,87.13,86.36,87.13,86.36,87.13
89.2,86.46,87.23,86.46,87.23,86.46,87.23,86.46,87.23
89.3,86.55,87.32,86.55,87.32,86.55,87.32,86.55,87.32
89.4,86.65,87.42,86.65,87.42,86.65,87.42,86.65,87.42
89.5,86.75,87.51,86.75,87.51,86.75,87.51,86.75,87.51
89.6,86.84,87.61,86.84,87.61,86.84,87.61,86.84,87.61
89.7,86.94,87.70,86.94,87.70,86.94,87.70,86.94,87.70
89.8,87.04,87.80,87.04,87.80,87.04,87.80,87.04,87.80
89.9,87.13,87.90,87.13,87.90,87.13,87.90,87.13,87.90
90.0,87.23,87.99,87.23,87.99,87.23,87.99,87.23,87.99
90.1,87.33,88.09,87.33,88.09,87.33,88.09,87.33,88.09
90.2,87.42,88.18,87.42,88.18,87.42,88.18,87.42,88.18
90.3,87.52,88.28,87.52,88.28,87.52,88.28,87.52,88.28
90.4,87.62,88.37,87.62,88.37,87.62,88.37,87.62,88.37
90.5,87.71,88.47,87.71,88.47,87.71,88.47,87.71,88.47
90.6,87.81,88.57,87.81,88.57,87.81,88.57,87.81,88.57
90.7,87.91,88.66,87.91,88.66,87.91,88.66,87.91,88.66
90.8,88.01,88.76,88.01,88.76,88.01,88.76,88.01,88.76
90.9,88.10,88.85,88.10,88.85,88.10,88.85,88.10,88.85
91.0,88.20,88.95,88.20,88.95,88.20,88.95,88.20,88.95
91.1,88.30,89.04,88.30,89.04,88.30,89.04,88.30,89.04
91.2,88.39,89.14,88.39,89.14,88.39,89.14,88.39,89.14
91.3,88.49,89.24,88.49,89.24,88.49,89.24,88.49,89.24
91.4,88.59,89.33,88.59,89.33,88.59,89.33,88.59,89.33
91.5,88.68,89.43,88.68,89.43,88.68,89.43,88.68,89.43
91.6,88.78,89.52,88.78,89.52,88.78,89.52,88.78,89.52
91.7,88.88,89.62,88.88,89.62,88.88,89.62,88.88,89.62
91.8,88.97,89.71,88.97,89.71,88.97,89.71,88.97,89.71
91.9,89.07,89.81,89.07,89.81,89.07,89.81,89.07,89.81
92.0,89.17,89.90,89.17,89.90,89.17,89.90,89.17,89.90
92.1,89.26,90.00,89.26,90.00,89.26,90.00,89.26,90.00
92.2,89.36,90.10,89.36,90.10,89.36,90.10,89.36,90.10
92.3,89.46,90.19,89.46,90.19,89.46,90.19,89.46,90.19
92.4,89.55,90.29,89.55,90.29,89.55,90.29,89.55,90.29
92.5,89.65,90.38,89.65,90.38,89.65,90.38,89.65,90.38
92.6,89.75,90.48,89.75,90.48,89.75,90.48,89.75,90.48
92.7,89.84,90.57,89.84,90.57,89.84,90.57,89.84,90.57
92.8,89.94,90.67,89.94,90.67,89.94,90.67,89.94,90.67
92.9,90.04,90.76,90.04,90.76,90.04,90.76,90.04,90.76
93.0,90.13,90.86,90.13,90.86,90.13,90.86,90.13,90.86
93.1,90.23,90.96,90.23,90.96,90.23,90.96,90.23,90.96
93.2,90.33,91.05,90.33,91.05,90.33,91.05,90.33,91.05
93.3,90.42,91.15,90.42,91.15,90.42,91.15,90.42,91.15
93.4,90.52,91.24,90.52,91.24,90.52,91.24,90.52,91.24
93.5,90.62,91.34,90.62,91.34,90.62,91.34,90.62,91.34
93.6,90.71,91.43,90.71,91.43,90.71,91.43,90.71,91.43
93.7,90.81,91.53,90.81,91.53,90.81,91.53,90.81,91.53
93.8,90.91,91.62,90.91,91.62,90.91,91.62,90.91,91.62
93.9,91.00,91.72,91.00,91.72,91.00,91.72,91.00,91.72
94.0,91.10,91.82,91.10,91.82,91.10,91.82,91.10,91.82
94.1,91.20,91.91,91.20,91.91,91.20,91.91,91.20,91.91
94.2,91.29,92.01,91.29,92.01,91.29,92.01,91.29,92.01
94.3,91.39,92.10,91.39,92.10,91.39,92.10,91.39,92.10
94.4,91.49,92.20,91.49,92.20,91.49,92.20,91.49,92.20
94.5,91.58,92.29,91.58,92.29,91.58,92.29,91.58,92.29
94.6,91.68,92.39,91.68,92.39,91.68,92.39,91.68,92.39
94.7,91.78,92.48,91.78,92.48,91.78,92.48,91.78,92.48
94.8,91.87,92.58,91.87,92.58,91.87,92.58,91.87,92.58
94.9,91.97,92.67,91.97,92.67,91.97,92.67,91.97,92.67
95.0,92.07,92.77,92.07,92.77,92.07,92.77,92.07,92.77
95.1,92.16,92.86,92.16,92.86,92.16,92.86,92.16,92.86
95.2,92.26,92.96,92.26,92.96,92.26,92.96,92.26,92.96
95.3,92.35,93.06,92.35,93.06,92.35,93.06,92.35,93.06
95.4,92.45,93.15,92.45,93.15,92.45,93.15,92.45,93.15
95.5,92.55,93.25,92.55,93.25,92.55,93.25,92.55,93.25
95.6,92.64,93.34,92.64,93.34,92.64,93.34,92.64,93.34
95.7,92.74,93.44,92.74,93.44,92.74,93.44,92.74,93.44
95.8,92.84,93.53,92.84,93.53,92.84,93.53,92.84,93.53
95.9,92.93,93.63,92.93,93.63,92.93,93.63,92.93,93.63
96.0,93.03,93.72,93.03,93.72,93.03,93.72,93.03,93.72
96.1,93.13,93.82,93.13,93.82,93.13,93.82,93.13,93.82
96.2,93.22,93.91,93.22,93.91,93.22,93.91,93.22,93.91
96.3,93.32,94.01,93.32,94.01,93.32,94.01,93.32,94.01
96.4,93.41,94.10,93.41,94.10,93.41,94.10,93.41,94.10
96.5,93.51,94.20,93.51,94.20,93.51,94.20,93.51,94.20
96.6,93.61,94.29,93.61,94.29,93.61,94.29,93.61,94.29
96.7,93.70,94.39,93.70,94.39,93.70,94.39,93.70,94.39
96.8,93.80,94.48,93.80,94.48,93.80,94.48,93.80,94.48
96.9,93.90,94.58,93.90,94.58,93.90,94.58,93.90,94.58
97.0,93.99,94.67,93.99,94.67,93.99,94.67,93.99,94.67
