1.0,1.38,2.08,1.38,2.08,1.38,2.08,1.38,2.08
1.1,1.47,2.18,1.47,2.18,1.47,2.18,1.47,2.18
1.2,1.57,2.28,1.57,2.28,1.57,2.28,1.57,2.28
1.3,1.66,2.38,1.66,2.38,1.66,2.38,1.66,2.38
1.4,1.76,2.48,1.76,2.48,1.76,2.48,1.76,2.48
1.5,1.85,2.58,1.85,2.58,1.85,2.58,1.85,2.58
1.6,1.95,2.68,1.95,2.68,1.95,2.68,1.95,2.68
1.7,2.04,2.77,2.04,2.77,2.04,2.77,2.04,2.77
1.8,2.13,2.87,2.13,2.87,2.13,2.87,2.13,2.87
1.9,2.23,2.97,2.23,2.97,2.23,2.97,2.23,2.97
2.0,2.32,3.07,2.32,3.07,2.32,3.07,2.32,3.07
2.1,2.42,3.17,2.42,3.17,2.42,3.17,2.42,3.17
2.2,2.51,3.27,2.51,3.27,2.51,3.27,2.51,3.27
2.3,2.61,3.37,2.61,3.37,2.61,3.37,2.61,3.37
2.4,2.70,3.46,2.70,3.46,2.70,3.46,2.70,3.46
2.5,2.80,3.56,2.80,3.56,2.80,3.56,2.80,3.56
2.6,2.89,3.66,2.89,3.66,2.89,3.66,2.89,3.66
2.7,2.99,3.76,2.99,3.76,2.99,3.76,2.99,3.76
2.8,3.08,3.86,3.08,3.86,3.08,3.86,3.08,3.86
2.9,3.18,3.96,3.18,3.96,3.18,3.96,3.18,3.96
3.0,3.27,4.05,3.27,4.05,3.27,4.05,3.27,4.05
3.1,3.37,4.15,3.37,4.15,3.37,4.15,3.37,4.15
3.2,3.46,4.25,3.46,4.25,3.46,4.25,3.46,4.25
3.3,3.56,4.35,3.56,4.35,3.56,4.35,3.56,4.35
3.4,3.65,4.45,3.65,4.45,3.65,4.45,3.65,4.45
3.5,3.75,4.54,3.75,4.54,3.75,4.54,3.75,4.54
3.6,3.84,4.64,3.84,4.64,3.84,4.64,3.84,4.64
3.7,3.93,4.74,3.93,4.74,3.93,4.74,3.93,4.74
3.8,4.03,4.84,4.03,4.84,4.03,4.84,4.03,4.84
3.9,4.12,4.93,4.12,4.93,4.12,4.93,4.12,4.93
4.0,4.22,5.03,4.22,5.03,4.22,5.03,4.22,5.03
4.1,4.31,5.13,4.31,5.13,4.31,5.13,4.31,5.13
4.2,4.41,5.23,4.41,5.23,4.41,5.23,4.41,5.23
4.3,4.50,5.33,4.50,5.33,4.50,5.33,4.50,5.33
4.4,4.60,5.42,4.60,5.42,4.60,5.42,4.60,5.42
4.5,4.69,5.52,4.69,5.52,4.69,5.52,4.69,5.52
4.6,4.79,5.62,4.79,5.62,4.79,5.62,4.79,5.62
4.7,4.88,5.71,4.88,5.71,4.88,5.71,4.88,5.71
4.8,4.98,5.81,4.98,5.81,4.98,5.81,4.98,5.81
4.9,5.07,5.91,5.07,5.91,5.07,5.91,5.07,5.91
5.0,5.16,6.01,5.16,6.01,5.16,6.01,5.16,6.01
5.1,5.26,6.10,5.26,6.10,5.26,6.10,5.26,6.10
5.2,5.35,6.20,5.35,6.20,5.35,6.20,5.35,6.20
5.3,5.45,6.30,5.45,6.30,5.45,6.30,5.45,6.30
5.4,5.54,6.40,5.54,6.40,5.54,6.40,5.54,6.40
5.5,5.64,6.49,5.64,6.49,5.64,6.49,5.64,6.49
5.6,5.73,6.59,5.73,6.59,5.73,6.59,5.73,6.59
5.7,5.83,6.69,5.83,6.69,5.83,6.69,5.83,6.69
5.8,5.92,6.78,5.92,6.78,5.92,6.78,5.92,6.78
5.9,6.02,6.88,6.02,6.88,6.02,6.88,6.02,6.88
6.0,6.11,6.98,6.11,6.98,6.11,6.98,6.11,6.98
6.1,6.20,7.08,6.20,7.08,6.20,7.08,6.20,7.08
6.2,6.30,7.17,6.30,7.17,6.30,7.17,6.30,7.17
6.3,6.39,7.27,6.39,7.27,6.39,7.27,6.39,7.27
6.4,6.49,7.37,6.49,7.37,6.49,7.37,6.49,7.37
6.5,6.58,7.46,6.58,7.46,6.58,7.46,6.58,7.46
6.6,6.68,7.56,6.68,7.56,6.68,7.56,6.68,7.56
6.7,6.77,7.66,6.77,7.66,6.77,7.66,6.77,7.66
6.8,6.87,7.75,6.87,7.75,6.87,7.75,6.87,7.75
6.9,6.96,7.85,6.96,7.85,6.96,7.85,6.96,7.85
7.0,7.05,7.95,7.05,7.95,7.05,7.95,7.05,7.95
7.1,7.15,8.04,7.15,8.04,7.15,8.04,7.15,8.04
7.2,7.24,8.14,7.24,8.14,7.24,8.14,7.24,8.14
7.3,7.34,8.24,7.34,8.24,7.34,8.24,7.34,8.24
7.4,7.43,8.33,7.43,8.33,7.43,8.33,7.43,8.33
7.5,7.53,8.43,7.53,8.43,7.53,8.43,7.53,8.43
7.6,7.62,8.53,7.62,8.53,7.62,8.53,7.62,8.53
7.7,7.72,8.62,7.72,8.62,7.72,8.62,7.72,8.62
7.8,7.81,8.72,7.81,8.72,7.81,8.72,7.81,8.72
7.9,7.90,8.82,7.90,8.82,7.90,8.82,7.90,8.82
8.0,8.00,8.91,8.00,8.91,8.00,8.91,8.00,8.91
8.1,8.09,9.01,8.09,9.01,8.09,9.01,8.09,9.01
8.2,8.19,9.10,8.19,9.10,8.19,9.10,8.19,9.10
8.3,8.28,9.20,8.28,9.20,8.28,9.20,8.28,9.20
8.4,8.38,9.30,8.38,9.30,8.38,9.30,8.38,9.30
8.5,8.47,9.39,8.47,9.39,8.47,9.39,8.47,9.39
8.6,8.57,9.49,8.57,9.49,8.57,9.49,8.57,9.49
8.7,8.66,9.59,8.66,9.59,8.66,9.59,8.66,9.59
8.8,8.76,9.68,8.76,9.68,8.76,9.68,8.76,9.68
8.9,8.85,9.78,8.85,9.78,8.85,9.78,8.85,9.78
9.0,8.94,9.88,8.94,9.88,8.94,9.88,8.94,9.88
9.1,9.04,9.97,9.04,9.97,9.04,9.97,9.04,9.97
9.2,9.13,10.07,9.13,10.07,9.13,10.07,9.13,10.07
9.3,9.23,10.16,9.23,10.16,9.23,10.16,9.23,10.16
9.4,9.32,10.26,9.32,10.26,9.32,10.26,9.32,10.26
9.5,9.42,10.36,9.42,10.36,9.42,10.36,9.42,10.36
9.6,9.51,10.45,9.51,10.45,9.51,10.45,9.51,10.45
9.7,9.61,10.55,9.61,10.55,9.61,10.55,9.61,10.55
9.8,9.70,10.65,9.70,10.65,9.70,10.65,9.70,10.65
9.9,9.79,10.74,9.79,10.74,9.79,10.74,9.79,10.74
10.0,9.89,10.84,9.89,10.84,9.89,10.84,9.89,10.84
10.1,9.98,10.93,9.98,10.93,9.98,10.93,9.98,10.93
10.2,10.08,11.03,10.08,11.03,10.08,11.03,10.08,11.03
10.3,10.17,11.13,10.17,11.13,10.17,11.13,10.17,11.13
10.4,10.27,11.22,10.27,11.22,10.27,11.22,10.27,11.22
10.5,10.36,11.32,10.36,11.32,10.36,11.32,10.36,11.32
10.6,10.46,11.41,10.46,11.41,10.46,11.41,10.46,11.41
10.7,10.55,11.51,10.55,11.51,10.55,11.51,10.55,11.51
10.8,10.65,11.61,10.65,11.61,10.65,11.61,10.65,11.61
10.9,10.74,11.70,10.74,11.70,10.74,11.70,10.74,11.70
11.0,10.84,11.80,10.84,11.80,10.84,11.80,10.84,11.80
11.1,10.93,11.89,10.93,11.89,10.93,11.89,10.93,11.89
11.2,11.02,11.99,11.02,11.99,11.02,11.99,11.02,11.99
11.3,11.12,12.09,11.12,12.09,11.12,12.09,11.12,12.09
11.4,11.21,12.18,11.21,12.18,11.21,12.18,11.21,12.18
11.5,11.31,12.28,11.31,12.28,11.31,12.28,11.31,12.28
11.6,11.40,12.37,11.40,12.37,11.40,12.37,11.40,12.37
11.7,11.50,12.47,11.50,12.47,11.50,12.47,11.50,12.47
11.8,11.59,12.57,11.59,12.57,11.59,12.57,11.59,12.57
11.9,11.69,12.66,11.69,12.66,11.69,12.66,11.69,12.66
12.0,11.78,12.76,11.78,12.76,11.78,12.76,11.78,12.76
12.1,11.88,12.85,11.88,12.85,11.88,12.85,11.88,12.85
12.2,11.97,12.95,11.97,12.95,11.97,12.95,11.97,12.95
12.3,12.07,13.05,12.07,13.05,12.07,13.05,12.07,13.05
12.4,12.16,13.14,12.16,13.14,12.16,13.14,12.16,13.14
12.5,12.26,13.24,12.26,13.24,12.26,13.24,12.26,13.24
12.6,12.35,13.33,12.35,13.33,12.35,13.33,12.35,13.33
12.7,12.44,13.43,12.44,13.43,12.44,13.43,12.44,13.43
12.8,12.54,13.52,12.54,13.52,12.54,13.52,12.54,13.52
12.9,12.63,13.62,12.63,13.62,12.63,13.62,12.63,13.62
13.0,12.73,13.72,12.73,13.72,12.73,13.72,12.73,13.72
13.1,12.82,13.81,12.82,13.81,12.82,13.81,12.82,13.81
13.2,12.92,13.91,12.92,13.91,12.92,13.91,12.92,13.91
13.3,13.01,14.00,13.01,14.00,13.01,14.00,13.01,14.00
13.4,13.11,14.10,13.11,14.10,13.11,14.10,13.11,14.10
13.5,13.20,14.20,13.20,14.20,13.20,14.20,13.20,14.20
13.6,13.30,14.29,13.30,14.29,13.30,14.29,13.30,14.29
13.7,13.39,14.39,13.39,14.39,13.39,14.39,13.39,14.39
13.8,13.49,14.48,13.49,14.48,13.49,14.48,13.49,14.48
13.9,13.58,14.58,13.58,14.58,13.58,14.58,13.58,14.58
14.0,13.68,14.67,13.68,14.67,13.68,14.67,13.68,14.67
14.1,13.77,14.77,13.77,14.77,13.77,14.77,13.77,14.77
14.2,13.87,14.87,13.87,14.87,13.87,14.87,13.87,14.87
14.3,13.96,14.96,13.96,14.96,13.96,14.96,13.96,14.96
14.4,14.06,15.06,14.06,15.06,14.06,15.06,14.06,15.06
14.5,14.15,15.15,14.15,15.15,14.15,15.15,14.15,15.15
14.6,14.25,15.25,14.25,15.25,14.25,15.25,14.25,15.25
14.7,14.34,15.35,14.34,15.35,14.34,15.35,14.34,15.35
14.8,14.44,15.44,14.44,15.44,14.44,15.44,14.44,15.44
14.9,14.53,15.54,14.53,15.54,14.53,15.54,14.53,15.54
15.0,14.63,15.63,14.63,15.63,14.63,15.63,14.63,15.63
15.1,14.72,15.73,14.72,15.73,14.72,15.73,14.72,15.73
15.2,14.82,15.82,14.82,15.82,14.82,15.82,14.82,15.82
15.3,14.91,15.92,14.91,15.92,14.91,15.92,14.91,15.92
15.4,15.01,16.02,15.01,16.02,15.01,16.02,15.01,16.02
15.5,15.10,16.11,15.10,16.11,15.10,16.11,15.10,16.11
15.6,15.20,16.21,15.20,16.21,15.20,16.21,15.20,16.21
15.7,15.29,16.30,15.29,16.30,15.29,16.30,15.29,16.30
15.8,15.39,16.40,15.39,16.40,15.39,16.40,15.39,16.40
15.9,15.48,16.49,15.48,16.49,15.48,16.49,15.48,16.49
16.0,15.58,16.59,15.58,16.59,15.58,16.59,15.58,16.59
16.1,15.67,16.69,15.67,16.69,15.67,16.69,15.67,16.69
16.2,15.77,16.78,15.77,16.78,15.77,16.78,15.77,16.78
16.3,15.86,16.88,15.86,16.88,15.86,16.88,15.86,16.88
16.4,15.96,16.97,15.96,16.97,15.96,16.97,15.96,16.97
16.5,16.05,17.07,16.05,17.07,16.05,17.07,16.05,17.07
16.6,16.15,17.17,16.15,17.17,16.15,17.17,16.15,17.17
16.7,16.24,17.26,16.24,17.26,16.24,17.26,16.24,17.26
16.8,16.34,17.36,16.34,17.36,16.34,17.36,16.34,17.36
16.9,16.43,17.45,16.43,17.45,16.43,17.45,16.43,17.45
17.0,16.53,17.55,16.53,17.55,16.53,17.55,16.53,17.55
17.1,16.62,17.64,16.62,17.64,16.62,17.64,16.62,17.64
17.2,16.72,17.74,16.72,17.74,16.72,17.74,16.72,17.74
17.3,16.81,17.84,16.81,17.84,16.81,17.84,16.81,17.84
17.4,16.91,17.93,16.91,17.93,16.91,17.93,16.91,17.93
17.5,17.00,18.03,17.00,18.03,17.00,18.03,17.00,18.03
17.6,17.10,18.12,17.10,18.12,17.10,18.12,17.10,18.12
17.7,17.19,18.22,17.19,18.22,17.19,18.22,17.19,18.22
17.8,17.29,18.31,17.29,18.31,17.29,18.31,17.29,18.31
17.9,17.39,18.41,17.39,18.41,17.39,18.41,17.39,18.41
18.0,17.48,18.51,17.48,18.51,17.48,18.51,17.48,18.51
18.1,17.58,18.60,17.58,18.60,17.58,18.60,17.58,18.60
18.2,17.67,18.70,17.67,18.70,17.67,18.70,17.67,18.70
18.3,17.77,18.79,17.77,18.79,17.77,18.79,17.77,18.79
18.4,17.86,18.89,17.86,18.89,17.86,18.89,17.86,18.89
18.5,17.96,18.99,17.96,18.99,17.96,18.99,17.96,18.99
18.6,18.05,19.08,18.05,19.08,18.05,19.08,18.05,19.08
18.7,18.15,19.18,18.15,19.18,18.15,19.18,18.15,19.18
18.8,18.24,19.27,18.24,19.27,18.24,19.27,18.24,19.27
18.9,18.34,19.37,18.34,19.37,18.34,19.37,18.34,19.37
19.0,18.43,19.46,18.43,19.46,18.43,19.46,18.43,19.46
19.1,18.53,19.56,18.53,19.56,18.53,19.56,18.53,19.56
19.2,18.63,19.66,18.63,19.66,18.63,19.66,18.63,19.66
19.3,18.72,19.75,18.72,19.75,18.72,19.75,18.72,19.75
19.4,18.82,19.85,18.82,19.85,18.82,19.85,18.82,19.85
19.5,18.91,19.94,18.91,19.94,18.91,19.94,18.91,19.94
19.6,19.01,20.04,19.01,20.04,19.01,20.04,19.01,20.04
19.7,19.10,20.14,19.10,20.14,19.10,20.14,19.10,20.14
19.8,19.20,20.23,19.20,20.23,19.20,20.23,19.20,20.23
19.9,19.29,20.33,19.29,20.33,19.29,20.33,19.29,20.33
20.0,19.39,20.42,19.39,20.42,19.39,20.42,19.39,20.42
20.1,19.48,20.52,19.48,20.52,19.48,20.52,19.48,20.52
20.2,19.58,20.61,19.58,20.61,19.58,20.61,19.58,20.61
20.3,19.68,20.71,19.68,20.71,19.68,20.71,19.68,20.71
20.4,19.77,20.81,19.77,20.81,19.77,20.81,19.77,20.81
20.5,19.87,20.90,19.87,20.90,19.87,20.90,19.87,20.90
20.6,19.96,21.00,19.96,21.00,19.96,21.00,19.96,21.00
20.7,20.06,21.09,20.06,21.09,20.06,21.09,20.06,21.09
20.8,20.15,21.19,20.15,21.19,20.15,21.19,20.15,21.19
20.9,20.25,21.29,20.25,21.29,20.25,21.29,20.25,21.29
21.0,20.35,21.38,20.35,21.38,20.35,21.38,20.35,21.38
21.1,20.44,21.48,20.44,21.48,20.44,21.48,20.44,21.48
21.2,20.54,21.57,20.54,21.57,20.54,21.57,20.54,21.57
21.3,20.63,21.67,20.63,21.67,20.63,21.67,20.63,21.67
21.4,20.73,21.77,20.73,21.77,20.73,21.77,20.73,21.77
21.5,20.82,21.86,20.82,21.86,20.82,21.86,20.82,21.86
21.6,20.92,21.96,20.92,21.96,20.92,21.96,20.92,21.96
21.7,21.02,22.05,21.02,22.05,21.02,22.05,21.02,22.05
21.8,21.11,22.15,21.11,22.15,21.11,22.15,21.11,22.15
21.9,21.21,22.25,21.21,22.25,21.21,22.25,21.21,22.25
22.0,21.30,22.34,21.30,22.34,21.30,22.34,21.30,22.34
22.1,21.40,22.44,21.40,22.44,21.40,22.44,21.40,22.44
22.2,21.49,22.53,21.49,22.53,21.49,22.53,21.49,22.53
22.3,21.59,22.63,21.59,22.63,21.59,22.63,21.59,22.63
22.4,21.69,22.73,21.69,22.73,21.69,22.73,21.69,22.73
22.5,21.78,22.82,21.78,22.82,21.78,22.82,21.78,22.82
22.6,21.88,22.92,21.88,22.92,21.88,22.92,21.88,22.92
22.7,21.97,23.01,21.97,23.01,21.97,23.01,21.97,23.01
22.8,22.07,23.11,22.07,23.11,22.07,23.11,22.07,23.11
22.9,22.16,23.21,22.16,23.21,22.16,23.21,22.16,23.21
23.0,22.26,23.30,22.26,23.30,22.26,23.30,22.26,23.30
23.1,22.36,23.40,22.36,23.40,22.36,23.40,22.36,23.40
23.2,22.45,23.49,22.45,23.49,22.45,23.49,22.45,23.49
23.3,22.55,23.59,22.55,23.59,22.55,23.59,22.55,23.59
23.4,22.64,23.69,22.64,23.69,22.64,23.69,22.64,23.69
23.5,22.74,23.78,22.74,23.78,22.74,23.78,22.74,23.78
23.6,22.84,23.88,22.84,23.88,22.84,23.88,22.84,23.88
23.7,22.93,23.97,22.93,23.97,22.93,23.97,22.93,23.97
23.8,23.03,24.07,23.03,24.07,23.03,24.07,23.03,24.07
23.9,23.12,24.17,23.12,24.17,23.12,24.17,23.12,24.17
24.0,23.22,24.26,23.22,24.26,23.22,24.26,23.22,24.26
24.1,23.32,24.36,23.32,24.36,23.32,24.36,23.32,24.36
24.2,23.41,24.45,23.41,24.45,23.41,24.45,23.41,24.45
24.3,23.51,24.55,23.51,24.55,23.51,24.55,23.51,24.55
24.4,23.60,24.65,23.60,24.65,23.60,24.65,23.60,24.65
24.5,23.70,24.74,23.70,24.74,23.70,24.74,23.70,24.74
24.6,23.80,24.84,23.80,24.84,23.80,24.84,23.80,24.84
24.7,23.89,24.94,23.89,24.94,23.89,24.94,23.89,24.94
24.8,23.99,25.03,23.99,25.03,23.99,25.03,23.99,25.03
24.9,24.09,25.13,24.09,25.13,24.09,25.13,24.09,25.13
25.0,24.18,25.22,24.18,25.22,24.18,25.22,24.18,25.22
25.1,24.28,25.32,24.28,25.32,24.28,25.32,24.28,25.32
25.2,24.37,25.42,24.37,25.42,24.37,25.42,24.37,25.42
25.3,24.47,25.51,24.47,25.51,24.47,25.51,24.47,25.51
25.4,24.57,25.61,24.57,25.61,24.57,25.61,24.57,25.61
25.5,24.66,25.70,24.66,25.70,24.66,25.70,24.66,25.70
25.6,24.76,25.80,24.76,25.80,24.76,25.80,24.76,25.80
25.7,24.85,25.90,24.85,25.90,24.85,25.90,24.85,25.90
25.8,24.95,25.99,24.95,25.99,24.95,25.99,24.95,25.99
25.9,25.05,26.09,25.05,26.09,25.05,26.09,25.05,26.09
26.0,25.14,26.19,25.14,26.19,25.14,26.19,25.14,26.19
26.1,25.24,26.28,25.24,26.28,25.24,26.28,25.24,26.28
26.2,25.34,26.38,25.34,26.38,25.34,26.38,25.34,26.38
26.3,25.43,26.47,25.43,26.47,25.43,26.47,25.43,26.47
26.4,25.53,26.57,25.53,26.57,25.53,26.57,25.53,26.57
26.5,25.62,26.67,25.62,26.67,25.62,26.67,25.62,26.67
26.6,25.72,26.76,25.72,26.76,25.72,26.76,25.72,26.76
26.7,25.82,26.86,25.82,26.86,25.82,26.86,25.82,26.86
26.8,25.91,26.96,25.91,26.96,25.91,26.96,25.91,26.96
26.9,26.01,27.05,26.01,27.05,26.01,27.05,26.01,27.05
27.0,26.11,27.15,26.11,27.15,26.11,27.15,26.11,27.15
27.1,26.20,27.24,26.20,27.24,26.20,27.24,26.20,27.24
27.2,26.30,27.34,26.30,27.34,26.30,27.34,26.30,27.34
27.3,26.39,27.44,26.39,27.44,26.39,27.44,26.39,27.44
27.4,26.49,27.53,26.49,27.53,26.49,27.53,26.49,27.53
27.5,26.59,27.63,26.59,27.63,26.59,27.63,26.59,27.63
27.6,26.68,27.73,26.68,27.73,26.68,27.73,26.68,27.73
27.7,26.78,27.82,26.78,27.82,26.78,27.82,26.78,27.82
27.8,26.88,27.92,26.88,27.92,26.88,27.92,26.88,27.92
27.9,26.97,28.02,26.97,28.02,26.97,28.02,26.97,28.02
28.0,27.07,28.11,27.07,28.11,27.07,28.11,27.07,28.11
28.1,27.17,28.21,27.17,28.21,27.17,28.21,27.17,28.21
28.2,27.26,28.30,27.26,28.30,27.26,28.30,27.26,28.30
28.3,27.36,28.40,27.36,28.40,27.36,28.40,27.36,28.40
28.4,27.46,28.50,27.46,28.50,27.46,28.50,27.46,28.50
28.5,27.55,28.59,27.55,28.59,27.55,28.59,27.55,28.59
28.6,27.65,28.69,27.65,28.69,27.65,28.69,27.65,28.69
28.7,27.74,28.79,27.74,28.79,27.74,28.79,27.74,28.79
28.8,27.84,28.88,27.84,28.88,27.84,28.88,27.84,28.88
28.9,27.94,28.98,27.94,28.98,27.94,28.98,27.94,28.98
29.0,28.03,29.08,28.03,29.08,28.03,29.08,28.03,29.08
29.1,28.13,29.17,28.13,29.17,28.13,29.17,28.13,29.17
29.2,28.23,29.27,28.23,29.27,28.23,29.27,28.23,29.27
29.3,28.32,29.36,28.32,29.36,28.32,29.36,28.32,29.36
29.4,28.42,29.46,28.42,29.46,28.42,29.46,28.42,29.46
29.5,28.52,29.56,28.52,29.56,28.52,29.56,28.52,29.56
29.6,28.61,29.65,28.61,29.65,28.61,29.65,28.61,29.65
29.7,28.71,29.75,28.71,29.75,28.71,29.75,28.71,29.75
29.8,28.81,29.85,28.81,29.85,28.81,29.85,28.81,29.85
29.9,28.90,29.94,28.90,29.94,28.90,29.94,28.90,29.94
30.0,29.00,30.04,29.00,30.04,29.00,30.04,29.00,30.04
30.1,29.10,30.14,29.10,30.14,29.10,30.14,29.10,30.14
30.2,29.19,30.23,29.19,30.23,29.19,30.23,29.19,30.23
30.3,29.29,30.33,29.29,30.33,29.29,30.33,29.29,30.33
30.4,29.39,30.43,29.39,30.43,29.39,30.43,29.39,30.43
30.5,29.48,30.52,29.48,30.52,29.48,30.52,29.48,30.52
30.6,29.58,30.62,29.58,30.62,29.58,30.62,29.58,30.62
30.7,29.68,30.71,29.68,30.71,29.68,30.71,29.68,30.71
30.8,29.77,30.81,29.77,30.81,29.77,30.81,29.77,30.81
30.9,29.87,30.91,29.87,30.91,29.87,30.91,29.87,30.91
31.0,29.97,31.00,29.97,31.00,29.97,31.00,29.97,31.00
31.1,30.06,31.10,30.06,31.10,30.06,31.10,30.06,31.10
31.2,30.16,31.20,30.16,31.20,30.16,31.20,30.16,31.20
31.3,30.26,31.29,30.26,31.29,30.26,31.29,30.26,31.29
31.4,30.35,31.39,30.35,31.39,30.35,31.39,30.35,31.39
31.5,30.45,31.49,30.45,31.49,30.45,31.49,30.45,31.49
31.6,30.55,31.58,30.55,31.58,30.55,31.58,30.55,31.58
31.7,30.64,31.68,30.64,31.68,30.64,31.68,30.64,31.68
31.8,30.74,31.78,30.74,31.78,30.74,31.78,30.74,31.78
31.9,30.84,31.87,30.84,31.87,30.84,31.87,30.84,31.87
32.0,30.93,31.97,30.93,31.97,30.93,31.97,30.93,31.97
32.1,31.03,32.07,31.03,32.07,31.03,32.07,31.03,32.07
32.2,31.13,32.16,31.13,32.16,31.13,32.16,31.13,32.16
32.3,31.22,32.26,31.22,32.26,31.22,32.26,31.22,32.26
32.4,31.32,32.36,31.32,32.36,31.32,32.36,31.32,32.36
32.5,31.42,32.45,31.42,32.45,31.42,32.45,31.42,32.45
32.6,31.51,32.55,31.51,32.55,31.51,32.55,31.51,32.55
32.7,31.61,32.65,31.61,32.65,31.61,32.65,31.61,32.65
32.8,31.71,32.74,31.71,32.74,31.71,32.74,31.71,32.74
32.9,31.80,32.84,31.80,32.84,31.80,32.84,31.80,32.84
33.0,31.90,32.93,31.90,32.93,31.90,32.93,31.90,32.93
33.1,32.00,33.03,32.00,33.03,32.00,33.03,32.00,33.03
33.2,32.09,33.13,32.09,33.13,32.09,33.13,32.09,33.13
33.3,32.19,33.22,32.19,33.22,32.19,33.22,32.19,33.22
33.4,32.29,33.32,32.29,33.32,32.29,33.32,32.29,33.32
33.5,32.38,33.42,32.38,33.42,32.38,33.42,32.38,33.42
33.6,32.48,33.51,32.48,33.51,32.48,33.51,32.48,33.51
33.7,32.58,33.61,32.58,33.61,32.58,33.61,32.58,33.61
33.8,32.67,33.71,32.67,33.71,32.67,33.71,32.67,33.71
33.9,32.77,33.80,32.77,33.80,32.77,33.80,32.77,33.80
34.0,32.87,33.90,32.87,33.90,32.87,33.90,32.87,33.90
34.1,32.97,34.00,32.97,34.00,32.97,34.00,32.97,34.00
34.2,33.06,34.09,33.06,34.09,33.06,34.09,33.06,34.09
34.3,33.16,34.19,33.16,34.19,33.16,34.19,33.16,34.19
34.4,33.26,34.29,33.26,34.29,33.26,34.29,33.26,34.29
34.5,33.35,34.38,33.35,34.38,33.35,34.38,33.35,34.38
34.6,33.45,34.48,33.45,34.48,33.45,34.48,33.45,34.48
34.7,33.55,34.58,33.55,34.58,33.55,34.58,33.55,34.58
34.8,33.64,34.67,33.64,34.67,33.64,34.67,33.64,34.67
34.9,33.74,34.77,33.74,34.77,33.74,34.77,33.74,34.77
35.0,33.84,34.87,33.84,34.87,33.84,34.87,33.84,34.87
35.1,33.93,34.96,33.93,34.96,33.93,34.96,33.93,34.96
35.2,34.03,35.06,34.03,35.06,34.03,35.06,34.03,35.06
35.3,34.13,35.16,34.13,35.16,34.13,35.16,34.13,35.16
35.4,34.22,35.25,34.22,35.25,34.22,35.25,34.22,35.25
35.5,34.32,35.35,34.32,35.35,34.32,35.35,34.32,35.35
35.6,34.42,35.45,34.42,35.45,34.42,35.45,34.42,35.45
35.7,34.52,35.54,34.52,35.54,34.52,35.54,34.52,35.54
35.8,34.61,35.64,34.61,35.64,34.61,35.64,34.61,35.64
35.9,34.71,35.74,34.71,35.74,34.71,35.74,34.71,35.74
36.0,34.81,35.83,34.81,35.83,34.81,35.83,34.81,35.83
36.1,34.90,35.93,34.90,35.93,34.90,35.93,34.90,35.93
36.2,35.00,36.03,35.00,36.03,35.00,36.03,35.00,36.03
36.3,35.10,36.12,35.10,36.12,35.10,36.12,35.10,36.12
36.4,35.19,36.22,35.19,36.22,35.19,36.22,35.19,36.22
36.5,35.29,36.32,35.29,36.32,35.29,36.32,35.29,36.32
36.6,35.39,36.41,35.39,36.41,35.39,36.41,35.39,36.41
36.7,35.48,36.51,35.48,36.51,35.48,36.51,35.48,36.51
36.8,35.58,36.61,35.58,36.61,35.58,36.61,35.58,36.61
36.9,35.68,36.70,35.68,36.70,35.68,36.70,35.68,36.70
37.0,35.78,36.80,35.78,36.80,35.78,36.80,35.78,36.80
37.1,35.87,36.90,35.87,36.90,35.87,36.90,35.87,36.90
37.2,35.97,36.99,35.97,36.99,35.97,36.99,35.97,36.99
37.3,36.07,37.09,36.07,37.09,36.07,37.09,36.07,37.09
37.4,36.16,37.19,36.16,37.19,36.16,37.19,36.16,37.19
37.5,36.26,37.28,36.26,37.28,36.26,37.28,36.26,37.28
37.6,36.36,37.38,36.36,37.38,36.36,37.38,36.36,37.38
37.7,36.45,37.48,36.45,37.48,36.45,37.48,36.45,37.48
37.8,36.55,37.57,36.55,37.57,36.55,37.57,36.55,37.57
37.9,36.65,37.67,36.65,37.67,36.65,37.67,36.65,37.67
38.0,36.75,37.77,36.75,37.77,36.75,37.77,36.75,37.77
38.1,36.84,37.86,36.84,37.86,36.84,37.86,36.84,37.86
38.2,36.94,37.96,36.94,37.96,36.94,37.96,36.94,37.96
38.3,37.04,38.06,37.04,38.06,37.04,38.06,37.04,38.06
38.4,37.13,38.15,37.13,38.15,37.13,38.15,37.13,38.15
38.5,37.23,38.25,37.23,38.25,37.23,38.25,37.23,38.25
38.6,37.33,38.35,37.33,38.35,37.33,38.35,37.33,38.35
38.7,37.42,38.44,37.42,38.44,37.42,38.44,37.42,38.44
38.8,37.52,38.54,37.52,38.54,37.52,38.54,37.52,38.54
38.9,37.62,38.64,37.62,38.64,37.62,38.64,37.62,38.64
39.0,37.72,38.73,37.72,38.73,37.72,38.73,37.72,38.73
39.1,37.81,38.83,37.81,38.83,37.81,38.83,37.81,38.83
39.2,37.91,38.93,37.91,38.93,37.91,38.93,37.91,38.93
39.3,38.01,39.02,38.01,39.02,38.01,39.02,38.01,39.02
39.4,38.10,39.12,38.10,39.12,38.10,39.12,38.10,39.12
39.5,38.20,39.22,38.20,39.22,38.20,39.22,38.20,39.22
39.6,38.30,39.32,38.30,39.32,38.30,39.32,38.30,39.32
39.7,38.39,39.41,38.39,39.41,38.39,39.41,38.39,39.41
39.8,38.49,39.51,38.49,39.51,38.49,39.51,38.49,39.51
39.9,38.59,39.61,38.59,39.61,38.59,39.61,38.59,39.61
40.0,38.69,39.70,38.69,39.70,38.69,39.70,38.69,39.70
40.1,38.78,39.80,38.78,39.80,38.78,39.80,38.78,39.80
40.2,38.88,39.90,38.88,39.90,38.88,39.90,38.88,39.90
40.3,38.98,39.99,38.98,39.99,38.98,39.99,38.98,39.99
40.4,39.07,40.09,39.07,40.09,39.07,40.09,39.07,40.09
40.5,39.17,40.19,39.17,40.19,39.17,40.19,39.17,40.19
40.6,39.27,40.28,39.27,40.28,39.27,40.28,39.27,40.28
40.7,39.37,40.38,39.37,40.38,39.37,40.38,39.37,40.38
40.8,39.46,40.48,39.46,40.48,39.46,40.48,39.46,40.48
40.9,39.56,40.57,39.56,40.57,39.56,40.57,39.56,40.57
41.0,39.66,40.67,39.66,40.67,39.66,40.67,39.66,40.67
41.1,39.75,40.77,39.75,40.77,39.75,40.77,39.75,40.77
41.2,39.85,40.86,39.85,40.86,39.85,40.86,39.85,40.86
41.3,39.95,40.96,39.95,40.96,39.95,40.96,39.95,40.96
41.4,40.04,41.06,40.04,41.06,40.04,41.06,40.04,41.06
41.5,40.14,41.15,40.14,41.15,40.14,41.15,40.14,41.15
41.6,40.24,41.25,40.24,41.25,40.24,41.25,40.24,41.25
41.7,40.34,41.35,40.34,41.35,40.34,41.35,40.34,41.35
41.8,40.43,41.44,40.43,41.44,40.43,41.44,40.43,41.44
41.9,40.53,41.54,40.53,41.54,40.53,41.54,40.53,41.54
42.0,40.63,41.64,40.63,41.64,40.63,41.64,40.63,41.64
42.1,40.72,41.73,40.72,41.73,40.72,41.73,40.72,41.73
42.2,40.82,41.83,40.82,41.83,40.82,41.83,40.82,41.83
42.3,40.92,41.93,40.92,41.93,40.92,41.93,40.92,41.93
42.4,41.01,42.02,41.01,42.02,41.01,42.02,41.01,42.02
42.5,41.11,42.12,41.11,42.12,41.11,42.12,41.11,42.12
42.6,41.21,42.22,41.21,42.22,41.21,42.22,41.21,42.22
42.7,41.31,42.31,41.31,42.31,41.31,42.31,41.31,42.31
42.8,41.40,42.41,41.40,42.41,41.40,42.41,41.40,42.41
42.9,41.50,42.51,41.50,42.51,41.50,42.51,41.50,42.51
43.0,41.60,42.60,41.60,42.60,41.60,42.60,41.60,42.60
43.1,41.69,42.70,41.69,42.70,41.69,42.70,41.69,42.70
43.2,41.79,42.80,41.79,42.80,41.79,42.80,41.79,42.80
43.3,41.89,42.89,41.89,42.89,41.89,42.89,41.89,42.89
43.4,41.99,42.99,41.99,42.99,41.99,42.99,41.99,42.99
43.5,42.08,43.09,42.08,43.09,42.08,43.09,42.08,43.09
43.6,42.18,43.18,42.18,43.18,42.18,43.18,42.18,43.18
43.7,42.28,43.28,42.28,43.28,42.28,43.28,42.28,43.28
43.8,42.37,43.38,42.37,43.38,42.37,43.38,42.37,43.38
43.9,42.47,43.48,42.47,43.48,42.47,43.48,42.47,43.48
44.0,42.57,43.57,42.57,43.57,42.57,43.57,42.57,43.57
44.1,42.66,43.67,42.66,43.67,42.66,43.67,42.66,43.67
44.2,42.76,43.77,42.76,43.77,42.76,43.77,42.76,43.77
44.3,42.86,43.86,42.86,43.86,42.86,43.86,42.86,43.86
44.4,42.96,43.96,42.96,43.96,42.96,43.96,42.96,43.96
44.5,43.05,44.06,43.05,44.06,43.05,44.06,43.05,44.06
44.6,43.15,44.15,43.15,44.15,43.15,44.15,43.15,44.15
44.7,43.25,44.25,43.25,44.25,43.25,44.25,43.25,44.25
44.8,43.34,44.35,43.34,44.35,43.34,44.35,43.34,44.35
44.9,43.44,44.44,43.44,44.44,43.44,44.44,43.44,44.44
45.0,43.54,44.54,43.54,44.54,43.54,44.54,43.54,44.54
45.1,43.63,44.64,43.63,44.64,43.63,44.64,43.63,44.64
45.2,43.73,44.73,43.73,44.73,43.73,44.73,43.73,44.73
45.3,43.83,44.83,43.83,44.83,43.83,44.83,43.83,44.83
45.4,43.93,44.93,43.93,44.93,43.93,44.93,43.93,44.93
45.5,44.02,45.02,44.02,45.02,44.02,45.02,44.02,45.02
45.6,44.12,45.12,44.12,45.12,44.12,45.12,44.12,45.12
45.7,44.22,45.22,44.22,45.22,44.22,45.22,44.22,45.22
45.8,44.31,45.31,44.31,45.31,44.31,45.31,44.31,45.31
45.9,44.41,45.41,44.41,45.41,44.41,45.41,44.41,45.41
46.0,44.51,45.51,44.51,45.51,44.51,45.51,44.51,45.51
46.1,44.61,45.60,44.61,45.60,44.61,45.60,44.61,45.60
46.2,44.70,45.70,44.70,45.70,44.70,45.70,44.70,45.70
46.3,44.80,45.80,44.80,45.80,44.80,45.80,44.80,45.80
46.4,44.90,45.89,44.90,45.89,44.90,45.89,44.90,45.89
46.5,44.99,45.99,44.99,45.99,44.99,45.99,44.99,45.99
46.6,45.09,46.09,45.09,46.09,45.09,46.09,45.09,46.09
46.7,45.19,46.18,45.19,46.18,45.19,46.18,45.19,46.18
46.8,45.28,46.28,45.28,46.28,45.28,46.28,45.28,46.28
46.9,45.38,46.38,45.38,46.38,45.38,46.38,45.38,46.38
47.0,45.48,46.47,45.48,46.47,45.48,46.47,45.48,46.47
47.1,45.58,46.57,45.58,46.57,45.58,46.57,45.58,46.57
47.2,45.67,46.67,45.67,46.67,45.67,46.67,45.67,46.67
47.3,45.77,46.76,45.77,46.76,45.77,46.76,45.77,46.76
47.4,45.87,46.86,45.87,46.86,45.87,46.86,45.87,46.86
47.5,45.96,46.96,45.96,46.96,45.96,46.96,45.96,46.96
47.6,46.06,47.05,46.06,47.05,46.06,47.05,46.06,47.05
47.7,46.16,47.15,46.16,47.15,46.16,47.15,46.16,47.15
47.8,46.25,47.25,46.25,47.25,46.25,47.25,46.25,47.25
47.9,46.35,47.34,46.35,47.34,46.35,47.34,46.35,47.34
48.0,46.45,47.44,46.45,47.44,46.45,47.44,46.45,47.44
48.1,46.54,47.54,46.54,47.54,46.54,47.54,46.54,47.54
48.2,46.64,47.63,46.64,47.63,46.64,47.63,46.64,47.63
48.3,46.74,47.73,46.74,47.73,46.74,47.73,46.74,47.73
48.4,46.84,47.83,46.84,47.83,46.84,47.83,46.84,47.83
48.5,46.93,47.92,46.93,47.92,46.93,47.92,46.93,47.92
48.6,47.03,48.02,47.03,48.02,47.03,48.02,47.03,48.02
48.7,47.13,48.12,47.13,48.12,47.13,48.12,47.13,48.12
48.8,47.22,48.22,47.22,48.22,47.22,48.22,47.22,48.22
48.9,47.32,48.31,47.32,48.31,47.32,48.31,47.32,48.31
49.0,47.42,48.41,47.42,48.41,47.42,48.41,47.42,48.41
49.1,47.51,48.51,47.51,48.51,47.51,48.51,47.51,48.51
49.2,47.61,48.60,47.61,48.60,47.61,48.60,47.61,48.60
49.3,47.71,48.70,47.71,48.70,47.71,48.70,47.71,48.70
49.4,47.81,48.80,47.81,48.80,47.81,48.80,47.81,48.80
49.5,47.90,48.89,47.90,48.89,47.90,48.89,47.90,48.89
49.6,48.00,48.99,48.00,48.99,48.00,48.99,48.00,48.99
49.7,48.10,49.09,48.10,49.09,48.10,49.09,48.10,49.09
49.8,48.19,49.18,48.19,49.18,48.19,49.18,48.19,49.18
49.9,48.29,49.28,48.29,49.28,48.29,49.28,48.29,49.28
50.0,48.39,49.38,48.39,49.38,48.39,49.38,48.39,49.38
50.1,48.48,49.47,48.48,49.47,48.48,49.47,48.48,49.47
50.2,48.58,49.57,48.58,49.57,48.58,49.57,48.58,49.57
50.3,48.68,49.67,48.68,49.67,48.68,49.67,48.68,49.67
50.4,48.77,49.76,48.77,49.76,48.77,49.76,48.77,49.76
50.5,48.87,49.86,48.87,49.86,48.87,49.86,48.87,49.86
50.6,48.97,49.96,48.97,49.96,48.97,49.96,48.97,49.96
50.7,49.07,50.05,49.07,50.05,49.07,50.05,49.07,50.05
50.8,49.16,50.15,49.16,50.15,49.16,50.15,49.16,50.15
50.9,49.26,50.25,49.26,50.25,49.26,50.25,49.26,50.25
51.0,49.36,50.34,49.36,50.34,49.36,50.34,49.36,50.34
51.1,49.45,50.44,49.45,50.44,49.45,50.44,49.45,50.44
51.2,49.55,50.54,49.55,50.54,49.55,50.54,49.55,50.54
51.3,49.65,50.63,49.65,50.63,49.65,50.63,49.65,50.63
51.4,49.74,50.73,49.74,50.73,49.74,50.73,49.74,50.73
51.5,49.84,50.83,49.84,50.83,49.84,50.83,49.84,50.83
51.6,49.94,50.92,49.94,50.92,49.94,50.92,49.94,50.92
51.7,50.03,51.02,50.03,51.02,50.03,51.02,50.03,51.02
51.8,50.13,51.12,50.13,51.12,50.13,51.12,50.13,51.12
51.9,50.23,51.21,50.23,51.21,50.23,51.21,50.23,51.21
52.0,50.32,51.31,50.32,51.31,50.32,51.31,50.32,51.31
52.1,50.42,51.41,50.42,51.41,50.42,51.41,50.42,51.41
52.2,50.52,51.50,50.52,51.50,50.52,51.50,50.52,51.50
52.3,50.62,51.60,50.62,51.60,50.62,51.60,50.62,51.60
52.4,50.71,51.70,50.71,51.70,50.71,51.70,50.71,51.70
52.5,50.81,51.79,50.81,51.79,50.81,51.79,50.81,51.79
52.6,50.91,51.89,50.91,51.89,50.91,51.89,50.91,51.89
52.7,51.00,51.99,51.00,51.99,51.00,51.99,51.00,51.99
52.8,51.10,52.08,51.10,52.08,51.10,52.08,51.10,52.08
52.9,51.20,52.18,51.20,52.18,51.20,52.18,51.20,52.18
53.0,51.29,52.28,51.29,52.28,51.29,52.28,51.29,52.28
53.1,51.39,52.37,51.39,52.37,51.39,52.37,51.39,52.37
53.2,51.49,52.47,51.49,52.47,51.49,52.47,51.49,52.47
53.3,51.58,52.57,51.58,52.57,51.58,52.57,51.58,52.57
53.4,51.68,52.66,51.68,52.66,51.68,52.66,51.68,52.66
53.5,51.78,52.76,51.78,52.76,51.78,52.76,51.78,52.76
53.6,51.87,52.86,51.87,52.86,51.87,52.86,51.87,52.86
53.7,51.97,52.95,51.97,52.95,51.97,52.95,51.97,52.95
53.8,52.07,53.05,52.07,53.05,52.07,53.05,52.07,53.05
53.9,52.16,53.15,52.16,53.15,52.16,53.15,52.16,53.15
54.0,52.26,53.24,52.26,53.24,52.26,53.24,52.26,53.24
54.1,52.36,53.34,52.36,53.34,52.36,53.34,52.36,53.34
54.2,52.46,53.44,52.46,53.44,52.46,53.44,52.46,53.44
54.3,52.55,53.53,52.55,53.53,52.55,53.53,52.55,53.53
54.4,52.65,53.63,52.65,53.63,52.65,53.63,52.65,53.63
54.5,52.75,53.73,52.75,53.73,52.75,53.73,52.75,53.73
54.6,52.84,53.82,52.84,53.82,52.84,53.82,52.84,53.82
54.7,52.94,53.92,52.94,53.92,52.94,53.92,52.94,53.92
54.8,53.04,54.02,53.04,54.02,53.04,54.02,53.04,54.02
54.9,53.13,54.11,53.13,54.11,53.13,54.11,53.13,54.11
55.0,53.23,54.21,53.23,54.21,53.23,54.21,53.23,54.21
55.1,53.33,54.31,53.33,54.31,53.33,54.31,53.33,54.31
55.2,53.42,54.40,53.42,54.40,53.42,54.40,53.42,54.40
55.3,53.52,54.50,53.52,54.50,53.52,54.50,53.52,54.50
55.4,53.62,54.60,53.62,54.60,53.62,54.60,53.62,54.60
55.5,53.71,54.69,53.71,54.69,53.71,54.69,53.71,54.69
55.6,53.81,54.79,53.81,54.79,53.81,54.79,53.81,54.79
55.7,53.91,54.89,53.91,54.89,53.91,54.89,53.91,54.89
55.8,54.00,54.98,54.00,54.98,54.00,54.98,54.00,54.98
55.9,54.10,55.08,54.10,55.08,54.10,55.08,54.10,55.08
56.0,54.20,55.18,54.20,55.18,54.20,55.18,54.20,55.18
56.1,54.29,55.27,54.29,55.27,54.29,55.27,54.29,55.27
56.2,54.39,55.37,54.39,55.37,54.39,55.37,54.39,55.37
56.3,54.49,55.47,54.49,55.47,54.49,55.47,54.49,55.47
56.4,54.58,55.56,54.58,55.56,54.58,55.56,54.58,55.56
56.5,54.68,55.66,54.68,55.66,54.68,55.66,54.68,55.66
56.6,54.78,55.76,54.78,55.76,54.78,55.76,54.78,55.76
56.7,54.87,55.85,54.87,55.85,54.87,55.85,54.87,55.85
56.8,54.97,55.95,54.97,55.95,54.97,55.95,54.97,55.95
56.9,55.07,56.05,55.07,56.05,55.07,56.05,55.07,56.05
57.0,55.16,56.14,55.16,56.14,55.16,56.14,55.16,56.14
57.1,55.26,56.24,55.26,56.24,55.26,56.24,55.26,56.24
57.2,55.36,56.34,55.36,56.34,55.36,56.34,55.36,56.34
57.3,55.45,56.43,55.45,56.43,55.45,56.43,55.45,56.43
57.4,55.55,56.53,55.55,56.53,55.55,56.53,55.55,56.53
57.5,55.65,56.63,55.65,56.63,55.65,56.63,55.65,56.63
57.6,55.75,56.72,55.75,56.72,55.75,56.72,55.75,56.72
57.7,55.84,56.82,55.84,56.82,55.84,56.82,55.84,56.82
57.8,55.94,56.92,55.94,56.92,55.94,56.92,55.94,56.92
57.9,56.04,57.01,56.04,57.01,56.04,57.01,56.04,57.01
58.0,56.13,57.11,56.13,57.11,56.13,57.11,56.13,57.11
58.1,56.23,57.21,56.23,57.21,56.23,57.21,56.23,57.21
58.2,56.33,57.30,56.33,57.30,56.33,57.30,56.33,57.30
58.3,56.42,57.40,56.42,57.40,56.42,57.40,56.42,57.40
58.4,56.52,57.50,56.52,57.50,56.52,57.50,56.52,57.50
58.5,56.62,57.59,56.62,57.59,56.62,57.59,56.62,57.59
58.6,56.71,57.69,56.71,57.69,56.71,57.69,56.71,57.69
58.7,56.81,57.79,56.81,57.79,56.81,57.79,56.81,57.79
58.8,56.91,57.88,56.91,57.88,56.91,57.88,56.91,57.88
58.9,57.00,57.98,57.00,57.98,57.00,57.98,57.00,57.98
59.0,57.10,58.08,57.10,58.08,57.10,58.08,57.10,58.08
59.1,57.20,58.17,57.20,58.17,57.20,58.17,57.20,58.17
59.2,57.29,58.27,57.29,58.27,57.29,58.27,57.29,58.27
59.3,57.39,58.37,57.39,58.37,57.39,58.37,57.39,58.37
59.4,57.49,58.46,57.49,58.46,57.49,58.46,57.49,58.46
59.5,57.58,58.56,57.58,58.56,57.58,58.56,57.58,58.56
59.6,57.68,58.66,57.68,58.66,57.68,58.66,57.68,58.66
59.7,57.78,58.75,57.78,58.75,57.78,58.75,57.78,58.75
59.8,57.87,58.85,57.87,58.85,57.87,58.85,57.87,58.85
59.9,57.97,58.95,57.97,58.95,57.97,58.95,57.97,58.95
60.0,58.07,59.04,58.07,59.04,58.07,59.04,58.07,59.04
60.1,58.16,59.14,58.16,59.14,58.16,59.14,58.16,59.14
60.2,58.26,59.24,58.26,59.24,58.26,59.24,58.26,59.24
60.3,58.36,59.33,58.36,59.33,58.36,59.33,58.36,59.33
60.4,58.45,59.43,58.45,59.43,58.45,59.43,58.45,59.43
60.5,58.55,59.53,58.55,59.53,58.55,59.53,58.55,59.53
60.6,58.65,59.62,58.65,59.62,58.65,59.62,58.65,59.62
60.7,58.74,59.72,58.74,59.72,58.74,59.72,58.74,59.72
60.8,58.84,59.82,58.84,59.82,58.84,59.82,58.84,59.82
60.9,58.94,59.91,58.94,59.91,58.94,59.91,58.94,59.91
61.0,59.03,60.01,59.03,60.01,59.03,60.01,59.03,60.01
61.1,59.13,60.11,59.13,60.11,59.13,60.11,59.13,60.11
61.2,59.23,60.20,59.23,60.20,59.23,60.20,59.23,60.20
61.3,59.32,60.30,59.32,60.30,59.32,60.30,59.32,60.30
61.4,59.42,60.40,59.42,60.40,59.42,60.40,59.42,60.40
61.5,59.51,60.49,59.51,60.49,59.51,60.49,59.51,60.49
61.6,59.61,60.59,59.61,60.59,59.61,60.59,59.61,60.59
61.7,59.71,60.69,59.71,60.69,59.71,60.69,59.71,60.69
61.8,59.80,60.78,59.80,60.78,59.80,60.78,59.80,60.78
61.9,59.90,60.88,59.90,60.88,59.90,60.88,59.90,60.88
62.0,60.00,60.98,60.00,60.98,60.00,60.98,60.00,60.98
62.1,60.09,61.07,60.09,61.07,60.09,61.07,60.09,61.07
62.2,60.19,61.17,60.19,61.17,60.19,61.17,60.19,61.17
62.3,60.29,61.27,60.29,61.27,60.29,61.27,60.29,61.27
62.4,60.38,61.36,60.38,61.36,60.38,61.36,60.38,61.36
62.5,60.48,61.46,60.48,61.46,60.48,61.46,60.48,61.46
62.6,60.58,61.56,60.58,61.56,60.58,61.56,60.58,61.56
62.7,60.67,61.65,60.67,61.65,60.67,61.65,60.67,61.65
62.8,60.77,61.75,60.77,61.75,60.77,61.75,60.77,61.75
62.9,60.87,61.85,60.87,61.85,60.87,61.85,60.87,61.85
63.0,60.96,61.94,60.96,61.94,60.96,61.94,60.96,61.94
63.1,61.06,62.04,61.06,62.04,61.06,62.04,61.06,62.04
63.2,61.16,62.14,61.16,62.14,61.16,62.14,61.16,62.14
63.3,61.25,62.23,61.25,62.23,61.25,62.23,61.25,62.23
63.4,61.35,62.33,61.35,62.33,61.35,62.33,61.35,62.33
63.5,61.45,62.43,61.45,62.43,61.45,62.43,61.45,62.43
63.6,61.54,62.52,61.54,62.52,61.54,62.52,61.54,62.52
63.7,61.64,62.62,61.64,62.62,61.64,62.62,61.64,62.62
63.8,61.74,62.72,61.74,62.72,61.74,62.72,61.74,62.72
63.9,61.83,62.81,61.83,62.81,61.83,62.81,61.83,62.81
64.0,61.93,62.91,61.93,62.91,61.93,62.91,61.93,62.91
64.1,62.03,63.01,62.03,63.01,62.03,63.01,62.03,63.01
64.2,62.12,63.10,62.12,63.10,62.12,63.10,62.12,63.10
64.3,62.22,63.20,62.22,63.20,62.22,63.20,62.22,63.20
64.4,62.32,63.30,62.32,63.30,62.32,63.30,62.32,63.30
64.5,62.41,63.39,62.41,63.39,62.41,63.39,62.41,63.39
64.6,62.51,63.49,62.51,63.49,62.51,63.49,62.51,63.49
64.7,62.61,63.59,62.61,63.59,62.61,63.59,62.61,63.59
64.8,62.70,63.68,62.70,63.68,62.70,63.68,62.70,63.68
64.9,62.80,63.78,62.80,63.78,62.80,63.78,62.80,63.78
65.0,62.90,63.88,62.90,63.88,62.90,63.88,62.90,63.88
65.1,62.99,63.97,62.99,63.97,62.99,63.97,62.99,63.97
65.2,63.09,64.07,63.09,64.07,63.09,64.07,63.09,64.07
65.3,63.19,64.17,63.19,64.17,63.19,64.17,63.19,64.17
65.4,63.28,64.26,63.28,64.26,63.28,64.26,63.28,64.26
65.5,63.38,64.36,63.38,64.36,63.38,64.36,63.38,64.36
65.6,63.48,64.46,63.48,64.46,63.48,64.46,63.48,64.46
65.7,63.57,64.56,63.57,64.56,63.57,64.56,63.57,64.56
65.8,63.67,64.65,63.67,64.65,63.67,64.65,63.67,64.65
65.9,63.77,64.75,63.77,64.75,63.77,64.75,63.77,64.75
66.0,63.86,64.85,63.86,64.85,63.86,64.85,63.86,64.85
66.1,63.96,64.94,63.96,64.94,63.96,64.94,63.96,64.94
66.2,64.06,65.04,64.06,65.04,64.06,65.04,64.06,65.04
66.3,64.15,65.14,64.15,65.14,64.15,65.14,64.15,65.14
66.4,64.25,65.23,64.25,65.23,64.25,65.23,64.25,65.23
66.5,64.34,65.33,64.34,65.33,64.34,65.33,64.34,65.33
66.6,64.44,65.43,64.44,65.43,64.44,65.43,64.44,65.43
66.7,64.54,65.52,64.54,65.52,64.54,65.52,64.54,65.52
66.8,64.63,65.62,64.63,65.62,64.63,65.62,64.63,65.62
66.9,64.73,65.72,64.73,65.72,64.73,65.72,64.73,65.72
67.0,64.83,65.81,64.83,65.81,64.83,65.81,64.83,65.81
67.1,64.92,65.91,64.92,65.91,64.92,65.91,64.92,65.91
67.2,65.02,66.01,65.02,66.01,65.02,66.01,65.02,66.01
67.3,65.12,66.10,65.12,66.10,65.12,66.10,65.12,66.10
67.4,65.21,66.20,65.21,66.20,65.21,66.20,65.21,66.20
67.5,65.31,66.30,65.31,66.30,65.31,66.30,65.31,66.30
67.6,65.41,66.39,65.41,66.39,65.41,66.39,65.41,66.39
67.7,65.50,66.49,65.50,66.49,65.50,66.49,65.50,66.49
67.8,65.60,66.59,65.60,66.59,65.60,66.59,65.60,66.59
67.9,65.70,66.68,65.70,66.68,65.70,66.68,65.70,66.68
68.0,65.79,66.78,65.79,66.78,65.79,66.78,65.79,66.78
68.1,65.89,66.88,65.89,66.88,65.89,66.88,65.89,66.88
68.2,65.99,66.97,65.99,66.97,65.99,66.97,65.99,66.97
68.3,66.08,67.07,66.08,67.07,66.08,67.07,66.08,67.07
68.4,66.18,67.17,66.18,67.17,66.18,67.17,66.18,67.17
68.5,66.28,67.26,66.28,67.26,66.28,67.26,66.28,67.26
68.6,66.37,67.36,66.37,67.36,66.37,67.36,66.37,67.36
68.7,66.47,67.46,66.47,67.46,66.47,67.46,66.47,67.46
68.8,66.57,67.55,66.57,67.55,66.57,67.55,66.57,67.55
68.9,66.66,67.65,66.66,67.65,66.66,67.65,66.66,67.65
69.0,66.76,67.75,66.76,67.75,66.76,67.75,66.76,67.75
69.1,66.86,67.84,66.86,67.84,66.86,67.84,66.86,67.84
69.2,66.95,67.94,66.95,67.94,66.95,67.94,66.95,67.94
69.3,67.05,68.04,67.05,68.04,67.05,68.04,67.05,68.04
69.4,67.15,68.13,67.15,68.13,67.15,68.13,67.15,68.13
69.5,67.24,68.23,67.24,68.23,67.24,68.23,67.24,68.23
69.6,67.34,68.33,67.34,68.33,67.34,68.33,67.34,68.33
69.7,67.44,68.42,67.44,68.42,67.44,68.42,67.44,68.42
69.8,67.53,68.52,67.53,68.52,67.53,68.52,67.53,68.52
69.9,67.63,68.62,67.63,68.62,67.63,68.62,67.63,68.62
70.0,67.73,68.72,67.73,68.72,67.73,68.72,67.73,68.72
70.1,67.82,68.81,67.82,68.81,67.82,68.81,67.82,68.81
70.2,67.92,68.91,67.92,68.91,67.92,68.91,67.92,68.91
70.3,68.02,69.01,68.02,69.01,68.02,69.01,68.02,69.01
70.4,68.11,69.10,68.11,69.10,68.11,69.10,68.11,69.10
70.5,68.21,69.20,68.21,69.20,68.21,69.20,68.21,69.20
70.6,68.30,69.30,68.30,69.30,68.30,69.30,68.30,69.30
70.7,68.40,69.39,68.40,69.39,68.40,69.39,68.40,69.39
70.8,68.50,69.49,68.50,69.49,68.50,69.49,68.50,69.49
70.9,68.59,69.59,68.59,69.59,68.59,69.59,68.59,69.59
71.0,68.69,69.68,68.69,69.68,68.69,69.68,68.69,69.68
71.1,68.79,69.78,68.79,69.78,68.79,69.78,68.79,69.78
71.2,68.88,69.88,68.88,69.88,68.88,69.88,68.88,69.88
71.3,68.98,69.97,68.98,69.97,68.98,69.97,68.98,69.97
71.4,69.08,70.07,69.08,70.07,69.08,70.07,69.08,70.07
71.5,69.17,70.17,69.17,70.17,69.17,70.17,69.17,70.17
71.6,69.27,70.26,69.27,70.26,69.27,70.26,69.27,70.26
71.7,69.37,70.36,69.37,70.36,69.37,70.36,69.37,70.36
71.8,69.46,70.46,69.46,70.46,69.46,70.46,69.46,70.46
71.9,69.56,70.55,69.56,70.55,69.56,70.55,69.56,70.55
72.0,69.66,70.65,69.66,70.65,69.66,70.65,69.66,70.65
72.1,69.75,70.75,69.75,70.75,69.75,70.75,69.75,70.75
72.2,69.85,70.84,69.85,70.84,69.85,70.84,69.85,70.84
72.3,69.95,70.94,69.95,70.94,69.95,70.94,69.95,70.94
72.4,70.04,71.04,70.04,71.04,70.04,71.04,70.04,71.04
72.5,70.14,71.13,70.14,71.13,70.14,71.13,70.14,71.13
72.6,70.24,71.23,70.24,71.23,70.24,71.23,70.24,71.23
72.7,70.33,71.33,70.33,71.33,70.33,71.33,70.33,71.33
72.8,70.43,71.42,70.43,71.42,70.43,71.42,70.43,71.42
72.9,70.53,71.52,70.53,71.52,70.53,71.52,70.53,71.52
73.0,70.62,71.62,70.62,71.62,70.62,71.62,70.62,71.62
73.1,70.72,71.71,70.72,71.71,70.72,71.71,70.72,71.71
73.2,70.82,71.81,70.82,71.81,70.82,71.81,70.82,71.81
73.3,70.91,71.91,70.91,71.91,70.91,71.91,70.91,71.91
73.4,71.01,72.00,71.01,72.00,71.01,72.00,71.01,72.00
73.5,71.11,72.10,71.11,72.10,71.11,72.10,71.11,72.10
73.6,71.20,72.20,71.20,72.20,71.20,72.20,71.20,72.20
73.7,71.30,72.29,71.30,72.29,71.30,72.29,71.30,72.29
73.8,71.40,72.39,71.40,72.39,71.40,72.39,71.40,72.39
73.9,71.49,72.49,71.49,72.49,71.49,72.49,71.49,72.49
74.0,71.59,72.58,71.59,72.58,71.59,72.58,71.59,72.58
74.1,71.69,72.68,71.69,72.68,71.69,72.68,71.69,72.68
74.2,71.78,72.78,71.78,72.78,71.78,72.78,71.78,72.78
74.3,71.88,72.87,71.88,72.87,71.88,72.87,71.88,72.87
74.4,71.98,72.97,71.98,72.97,71.98,72.97,71.98,72.97
74.5,72.07,73.07,72.07,73.07,72.07,73.07,72.07,73.07
74.6,72.17,73.16,72.17,73.16,72.17,73.16,72.17,73.16
74.7,72.27,73.26,72.27,73.26,72.27,73.26,72.27,73.26
74.8,72.36,73.36,72.36,73.36,72.36,73.36,72.36,73.36
74.9,72.46,73.45,72.46,73.45,72.46,73.45,72.46,73.45
75.0,72.56,73.55,72.56,73.55,72.56,73.55,72.56,73.55
75.1,72.65,73.65,72.65,73.65,72.65,73.65,72.65,73.65
75.2,72.75,73.74,72.75,73.74,72.75,73.74,72.75,73.74
75.3,72.85,73.84,72.85,73.84,72.85,73.84,72.85,73.84
75.4,72.94,73.94,72.94,73.94,72.94,73.94,72.94,73.94
75.5,73.04,74.03,73.04,74.03,73.04,74.03,73.04,74.03
75.6,73.14,74.13,73.14,74.13,73.14,74.13,73.14,74.13
75.7,73.23,74.23,73.23,74.23,73.23,74.23,73.23,74.23
75.8,73.33,74.32,73.33,74.32,73.33,74.32,73.33,74.32
75.9,73.43,74.42,73.43,74.42,73.43,74.42,73.43,74.42
76.0,73.52,74.52,73.52,74.52,73.52,74.52,73.52,74.52
76.1,73.62,74.61,73.62,74.61,73.62,74.61,73.62,74.61
76.2,73.72,74.71,73.72,74.71,73.72,74.71,73.72,74.71
76.3,73.81,74.81,73.81,74.81,73.81,74.81,73.81,74.81
76.4,73.91,74.90,73.91,74.90,73.91,74.90,73.91,74.90
76.5,74.01,75.00,74.01,75.00,74.01,75.00,74.01,75.00
76.6,74.10,75.10,74.10,75.10,74.10,75.10,74.10,75.10
76.7,74.20,75.19,74.20,75.19,74.20,75.19,74.20,75.19
76.8,74.30,75.29,74.30,75.29,74.30,75.29,74.30,75.29
76.9,74.39,75.39,74.39,75.39,74.39,75.39,74.39,75.39
77.0,74.49,75.48,74.49,75.48,74.49,75.48,74.49,75.48
77.1,74.59,75.58,74.59,75.58,74.59,75.58,74.59,75.58
77.2,74.68,75.68,74.68,75.68,74.68,75.68,74.68,75.68
77.3,74.78,75.77,74.78,75.77,74.78,75.77,74.78,75.77
77.4,74.88,75.87,74.88,75.87,74.88,75.87,74.88,75.87
77.5,74.98,75.97,74.98,75.97,74.98,75.97,74.98,75.97
77.6,75.07,76.06,75.07,76.06,75.07,76.06,75.07,76.06
77.7,75.17,76.16,75.17,76.16,75.17,76.16,75.17,76.16
77.8,75.27,76.26,75.27,76.26,75.27,76.26,75.27,76.26
77.9,75.36,76.35,75.36,76.35,75.36,76.35,75.36,76.35
78.0,75.46,76.45,75.46,76.45,75.46,76.45,75.46,76.45
78.1,75.56,76.54,75.56,76.54,75.56,76.54,75.56,76.54
78.2,75.65,76.64,75.65,76.64,75.65,76.64,75.65,76.64
78.3,75.75,76.74,75.75,76.74,75.75,76.74,75.75,76.74
78.4,75.85,76.83,75.85,76.83,75.85,76.83,75.85,76.83
78.5,75.94,76.93,75.94,76.93,75.94,76.93,75.94,76.93
78.6,76.04,77.03,76.04,77.03,76.04,77.03,76.04,77.03
78.7,76.14,77.12,76.14,77.12,76.14,77.12,76.14,77.12
78.8,76.23,77.22,76.23,77.22,76.23,77.22,76.23,77.22
78.9,76.33,77.32,76.33,77.32,76.33,77.32,76.33,77.32
79.0,76.43,77.41,76.43,77.41,76.43,77.41,76.43,77.41
79.1,76.52,77.51,76.52,77.51,76.52,77.51,76.52,77.51
79.2,76.62,77.61,76.62,77.61,76.62,77.61,76.62,77.61
79.3,76.72,77.70,76.72,77.70,76.72,77.70,76.72,77.70
79.4,76.81,77.80,76.81,77.80,76.81,77.80,76.81,77.80
79.5,76.91,77.89,76.91,77.89,76.91,77.89,76.91,77.89
79.6,77.01,77.99,77.01,77.99,77.01,77.99,77.01,77.99
79.7,77.10,78.09,77.10,78.09,77.10,78.09,77.10,78.09
79.8,77.20,78.18,77.20,78.18,77.20,78.18,77.20,78.18
79.9,77.30,78.28,77.30,78.28,77.30,78.28,77.30,78.28
80.0,77.39,78.38,77.39,78.38,77.39,78.38,77.39,78.38
80.1,77.49,78.47,77.49,78.47,77.49,78.47,77.49,78.47
80.2,77.59,78.57,77.59,78.57,77.59,78.57,77.59,78.57
80.3,77.68,78.66,77.68,78.66,77.68,78.66,77.68,78.66
80.4,77.78,78.76,77.78,78.76,77.78,78.76,77.78,78.76
80.5,77.88,78.86,77.88,78.86,77.88,78.86,77.88,78.86
80.6,77.98,78.95,77.98,78.95,77.98,78.95,77.98,78.95
80.7,78.07,79.05,78.07,79.05,78.07,79.05,78.07,79.05
80.8,78.17,79.14,78.17,79.14,78.17,79.14,78.17,79.14
80.9,78.27,79.24,78.27,79.24,78.27,79.24,78.27,79.24
81.0,78.36,79.34,78.36,79.34,78.36,79.34,78.36,79.34
81.1,78.46,79.43,78.46,79.43,78.46,79.43,78.46,79.43
81.2,78.56,79.53,78.56,79.53,78.56,79.53,78.56,79.53
81.3,78.65,79.63,78.65,79.63,78.65,79.63,78.65,79.63
81.4,78.75,79.72,78.75,79.72,78.75,79.72,78.75,79.72
81.5,78.85,79.82,78.85,79.82,78.85,79.82,78.85,79.82
81.6,78.94,79.91,78.94,79.91,78.94,79.91,78.94,79.91
81.7,79.04,80.01,79.04,80.01,79.04,80.01,79.04,80.01
81.8,79.14,80.11,79.14,80.11,79.14,80.11,79.14,80.11
81.9,79.23,80.20,79.23,80.20,79.23,80.20,79.23,80.20
82.0,79.33,80.30,79.33,80.30,79.33,80.30,79.33,80.30
82.1,79.43,80.39,79.43,80.39,79.43,80.39,79.43,80.39
82.2,79.52,80.49,79.52,80.49,79.52,80.49,79.52,80.49
82.3,79.62,80.58,79.62,80.58,79.62,80.58,79.62,80.58
82.4,79.72,80.68,79.72,80.68,79.72,80.68,79.72,80.68
82.5,79.82,80.78,79.82,80.78,79.82,80.78,79.82,80.78
82.6,79.91,80.87,79.91,80.87,79.91,80.87,79.91,80.87
82.7,80.01,80.97,80.01,80.97,80.01,80.97,80.01,80.97
82.8,80.11,81.06,80.11,81.06,80.11,81.06,80.11,81.06
82.9,80.20,81.16,80.20,81.16,80.20,81.16,80.20,81.16
83.0,80.30,81.25,80.30,81.25,80.30,81.25,80.30,81.25
83.1,80.40,81.35,80.40,81.35,80.40,81.35,80.40,81.35
83.2,80.49,81.45,80.49,81.45,80.49,81.45,80.49,81.45
83.3,80.59,81.54,80.59,81.54,80.59,81.54,80.59,81.54
83.4,80.69,81.64,80.69,81.64,80.69,81.64,80.69,81.64
83.5,80.78,81.73,80.78,81.73,80.78,81.73,80.78,81.73
83.6,80.88,81.83,80.88,81.83,80.88,81.83,80.88,81.83
83.7,80.98,81.92,80.98,81.92,80.98,81.92,80.98,81.92
83.8,81.07,82.02,81.07,82.02,81.07,82.02,81.07,82.02
83.9,81.17,82.11,81.17,82.11,81.17,82.11,81.17,82.11
84.0,81.27,82.21,81.27,82.21,81.27,82.21,81.27,82.21
84.1,81.36,82.31,81.36,82.31,81.36,82.31,81.36,82.31
84.2,81.46,82.40,81.46,82.40,81.46,82.40,81.46,82.40
84.3,81.56,82.50,81.56,82.50,81.56,82.50,81.56,82.50
84.4,81.66,82.59,81.66,82.59,81.66,82.59,81.66,82.59
84.5,81.75,82.69,81.75,82.69,81.75,82.69,81.75,82.69
84.6,81.85,82.78,81.85,82.78,81.85,82.78,81.85,82.78
84.7,81.95,82.88,81.95,82.88,81.95,82.88,81.95,82.88
84.8,82.04,82.97,82.04,82.97,82.04,82.97,82.04,82.97
84.9,82.14,83.07,82.14,83.07,82.14,83.07,82.14,83.07
85.0,82.24,83.16,82.24,83.16,82.24,83.16,82.24,83.16
85.1,82.33,83.26,82.33,83.26,82.33,83.26,82.33,83.26
85.2,82.43,83.35,82.43,83.35,82.43,83.35,82.43,83.35
85.3,82.53,83.45,82.53,83.45,82.53,83.45,82.53,83.45
85.4,82.62,83.54,82.62,83.54,82.62,83.54,82.62,83.54
85.5,82.72,83.64,82.72,83.64,82.72,83.64,82.72,83.64
85.6,82.82,83.73,82.82,83.73,82.82,83.73,82.82,83.73
85.7,82.91,83.83,82.91,83.83,82.91,83.83,82.91,83.83
85.8,83.01,83.92,83.01,83.92,83.01,83.92,83.01,83.92
85.9,83.11,84.02,83.11,84.02,83.11,84.02,83.11,84.02
86.0,83.20,84.11,83.20,84.11,83.20,84.11,83.20,84.11
86.1,83.30,84.21,83.30,84.21,83.30,84.21,83.30,84.21
86.2,83.40,84.30,83.40,84.30,83.40,84.30,83.40,84.30
86.3,83.50,84.40,83.50,84.40,83.50,84.40,83.50,84.40
86.4,83.59,84.49,83.59,84.49,83.59,84.49,83.59,84.49
86.5,83.69,84.59,83.69,84.59,83.69,84.59,83.69,84.59
86.6,83.79,84.68,83.79,84.68,83.79,84.68,83.79,84.68
86.7,83.88,84.78,83.88,84.78,83.88,84.78,83.88,84.78
86.8,83.98,84.87,83.98,84.87,83.98,84.87,83.98,84.87
86.9,84.08,84.96,84.08,84.96,84.08,84.96,84.08,84.96
87.0,84.17,85.06,84.17,85.06,84.17,85.06,84.17,85.06
87.1,84.27,85.15,84.27,85.15,84.27,85.15,84.27,85.15
87.2,84.37,85.25,84.37,85.25,84.37,85.25,84.37,85.25
87.3,84.46,85.34,84.46,85.34,84.46,85.34,84.46,85.34
87.4,84.56,85.44,84.56,85.44,84.56,85.44,84.56,85.44
87.5,84.66,85.53,84.66,85.53,84.66,85.53,84.66,85.53
87.6,84.75,85.62,84.75,85.62,84.75,85.62,84.75,85.62
87.7,84.85,85.72,84.85,85.72,84.85,85.72,84.85,85.72
87.8,84.95,85.81,84.95,85.81,84.95,85.81,84.95,85.81
87.9,85.04,85.91,85.04,85.91,85.04,85.91,85.04,85.91
88.0,85.14,86.00,85.14,86.00,85.14,86.00,85.14,86.00
88.1,85.24,86.10,85.24,86.10,85.24,86.10,85.24,86.10
88.2,85.33,86.19,85.33,86.19,85.33,86.19,85.33,86.19
88.3,85.43,86.28,85.43,86.28,85.43,86.28,85.43,86.28
88.4,85.53,86.38,85.53,86.38,85.53,86.38,85.53,86.38
88.5,85.62,86.47,85.62,86.47,85.62,86.47,85.62,86.47
88.6,85.72,86.56,85.72,86.56,85.72,86.56,85.72,86.56
88.7,85.82,86.66,85.82,86.66,85.82,86.66,85.82,86.66
88.8,85.91,86.75,85.91,86.75,85.91,86.75,85.91,86.75
88.9,86.01,86.85,86.01,86.85,86.01,86.85,86.01,86.85
89.0,86.11,86.94,86.11,86.94,86.11,86.94,86.11,86.94
89.1,86.20,87.03,86.20,87.03,86.20,87.03,86.20,87.03
89.2,86.30,87.13,86.30,87.13,86.30,87.13,86.30,87.13
89.3,86.40,87.22,86.40,87.22,86.40,87.22,86.40,87.22
89.4,86.49,87.31,86.49,87.31,86.49,87.31,86.49,87.31
89.5,86.59,87.41,86.59,87.41,86.59,87.41,86.59,87.41
89.6,86.69,87.50,86.69,87.50,86.69,87.50,86.69,87.50
89.7,86.78,87.59,86.78,87.59,86.78,87.59,86.78,87.59
89.8,86.88,87.68,86.88,87.68,86.88,87.68,86.88,87.68
89.9,86.98,87.78,86.98,87.78,86.98,87.78,86.98,87.78
90.0,87.07,87.87,87.07,87.87,87.07,87.87,87.07,87.87
90.1,87.17,87.96,87.17,87.96,87.17,87.96,87.17,87.96
90.2,87.27,88.06,87.27,88.06,87.27,88.06,87.27,88.06
90.3,87.36,88.15,87.36,88.15,87.36,88.15,87.36,88.15
90.4,87.46,88.24,87.46,88.24,87.46,88.24,87.46,88.24
90.5,87.56,88.33,87.56,88.33,87.56,88.33,87.56,88.33
90.6,87.65,88.43,87.65,88.43,87.65,88.43,87.65,88.43
90.7,87.75,88.52,87.75,88.52,87.75,88.52,87.75,88.52
90.8,87.85,88.61,87.85,88.61,87.85,88.61,87.85,88.61
90.9,87.94,88.71,87.94,88.71,87.94,88.71,87.94,88.71
91.0,88.04,88.80,88.04,88.80,88.04,88.80,88.04,88.80
91.1,88.14,88.89,88.14,88.89,88.14,88.89,88.14,88.89
91.2,88.23,88.98,88.23,88.98,88.23,88.98,88.23,88.98
91.3,88.33,89.07,88.33,89.07,88.33,89.07,88.33,89.07
91.4,88.43,89.17,88.43,89.17,88.43,89.17,88.43,89.17
91.5,88.52,89.26,88.52,89.26,88.52,89.26,88.52,89.26
91.6,88.62,89.35,88.62,89.35,88.62,89.35,88.62,89.35
91.7,88.72,89.44,88.72,89.44,88.72,89.44,88.72,89.44
91.8,88.81,89.53,88.81,89.53,88.81,89.53,88.81,89.53
91.9,88.91,89.63,88.91,89.63,88.91,89.63,88.91,89.63
92.0,89.01,89.72,89.01,89.72,89.01,89.72,89.01,89.72
92.1,89.10,89.81,89.10,89.81,89.10,89.81,89.10,89.81
92.2,89.20,89.90,89.20,89.90,89.20,89.90,89.20,89.90
92.3,89.29,89.99,89.29,89.99,89.29,89.99,89.29,89.99
92.4,89.39,90.08,89.39,90.08,89.39,90.08,89.39,90.08
92.5,89.49,90.17,89.49,90.17,89.49,90.17,89.49,90.17
92.6,89.58,90.27,89.58,90.27,89.58,90.27,89.58,90.27
92.7,89.68,90.36,89.68,90.36,89.68,90.36,89.68,90.36
92.8,89.78,90.45,89.78,90.45,89.78,90.45,89.78,90.45
92.9,89.87,90.54,89.87,90.54,89.87,90.54,89.87,90.54
93.0,89.97,90.63,89.97,90.63,89.97,90.63,89.97,90.63
93.1,90.07,90.72,90.07,90.72,90.07,90.72,90.07,90.72
93.2,90.16,90.81,90.16,90.81,90.16,90.81,90.16,90.81
93.3,90.26,90.90,90.26,90.90,90.26,90.90,90.26,90.90
93.4,90.35,90.99,90.35,90.99,90.35,90.99,90.35,90.99
93.5,90.45,91.08,90.45,91.08,90.45,91.08,90.45,91.08
93.6,90.55,91.17,90.55,91.17,90.55,91.17,90.55,91.17
93.7,90.64,91.26,90.64,91.26,90.64,91.26,90.64,91.26
93.8,90.74,91.35,90.74,91.35,90.74,91.35,90.74,91.35
93.9,90.84,91.44,90.84,91.44,90.84,91.44,90.84,91.44
94.0,90.93,91.53,90.93,91.53,90.93,91.53,90.93,91.53
94.1,91.03,91.62,91.03,91.62,91.03,91.62,91.03,91.62
94.2,91.12,91.71,91.12,91.71,91.12,91.71,91.12,91.71
94.3,91.22,91.80,91.22,91.80,91.22,91.80,91.22,91.80
94.4,91.32,91.89,91.32,91.89,91.32,91.89,91.32,91.89
94.5,91.41,91.98,91.41,91.98,91.41,91.98,91.41,91.98
94.6,91.51,92.07,91.51,92.07,91.51,92.07,91.51,92.07
94.7,91.60,92.16,91.60,92.16,91.60,92.16,91.60,92.16
94.8,91.70,92.25,91.70,92.25,91.70,92.25,91.70,92.25
94.9,91.80,92.34,91.80,92.34,91.80,92.34,91.80,92.34
95.0,91.89,92.43,91.89,92.43,91.89,92.43,91.89,92.43
95.1,91.99,92.52,91.99,92.52,91.99,92.52,91.99,92.52
95.2,92.08,92.61,92.08,92.61,92.08,92.61,92.08,92.61
95.3,92.18,92.70,92.18,92.70,92.18,92.70,92.18,92.70
95.4,92.28,92.78,92.28,92.78,92.28,92.78,92.28,92.78
95.5,92.37,92.87,92.37,92.87,92.37,92.87,92.37,92.87
95.6,92.47,92.96,92.47,92.96,92.47,92.96,92.47,92.96
95.7,92.56,93.05,92.56,93.05,92.56,93.05,92.56,93.05
95.8,92.66,93.14,92.66,93.14,92.66,93.14,92.66,93.14
95.9,92.75,93.23,92.75,93.23,92.75,93.23,92.75,93.23
96.0,92.85,93.31,92.85,93.31,92.85,93.31,92.85,93.31
96.1,92.95,93.40,92.95,93.40,92.95,93.40,92.95,93.40
96.2,93.04,93.49,93.04,93.49,93.04,93.49,93.04,93.49
96.3,93.14,93.58,93.14,93.58,93.14,93.58,93.14,93.58
96.4,93.23,93.67,93.23,93.67,93.23,93.67,93.23,93.67
96.5,93.33,93.75,93.33,93.75,93.33,93.75,93.33,93.75
96.6,93.42,93.84,93.42,93.84,93.42,93.84,93.42,93.84
96.7,93.52,93.93,93.52,93.93,93.52,93.93,93.52,93.93
96.8,93.62,94.02,93.62,94.02,93.62,94.02,93.62,94.02
96.9,93.71,94.10,93.71,94.10,93.71,94.10,93.71,94.10
97.0,93.81,94.19,93.81,94.19,93.81,94.19,93.81,94.19
