1.0,0.58,1.25,0.56,1.30
1.1,0.67,1.35,0.65,1.40
1.2,0.75,1.45,0.73,1.49
1.3,0.84,1.55,0.82,1.59
1.4,0.93,1.64,0.91,1.69
1.5,1.02,1.74,1.00,1.78
1.6,1.10,1.84,1.08,1.88
1.7,1.19,1.94,1.17,1.98
1.8,1.28,2.03,1.26,2.07
1.9,1.37,2.13,1.35,2.17
2.0,1.46,2.23,1.44,2.27
2.1,1.55,2.33,1.53,2.37
2.2,1.64,2.43,1.61,2.46
2.3,1.73,2.52,1.70,2.56
2.4,1.81,2.62,1.79,2.66
2.5,1.90,2.72,1.88,2.75
2.6,1.99,2.82,1.97,2.85
2.7,2.08,2.91,2.06,2.95
2.8,2.17,3.01,2.15,3.04
2.9,2.26,3.11,2.24,3.14
3.0,2.35,3.21,2.33,3.24
3.1,2.44,3.31,2.42,3.34
3.2,2.53,3.40,2.51,3.43
3.3,2.62,3.50,2.60,3.53
3.4,2.72,3.60,2.69,3.63
3.5,2.81,3.70,2.78,3.73
3.6,2.90,3.80,2.87,3.82
3.7,2.99,3.89,2.96,3.92
3.8,3.08,3.99,3.06,4.02
3.9,3.17,4.09,3.15,4.11
4.0,3.26,4.19,3.24,4.21
4.1,3.35,4.29,3.33,4.31
4.2,3.44,4.38,3.42,4.41
4.3,3.54,4.48,3.51,4.50
4.4,3.63,4.58,3.60,4.60
4.5,3.72,4.68,3.70,4.70
4.6,3.81,4.78,3.79,4.80
4.7,3.91,4.87,3.88,4.90
4.8,4.00,4.97,3.97,4.99
4.9,4.09,5.07,4.07,5.09
5.0,4.18,5.17,4.16,5.19
5.1,4.28,5.27,4.25,5.29
5.2,4.37,5.37,4.34,5.38
5.3,4.46,5.46,4.44,5.48
5.4,4.55,5.56,4.53,5.58
5.5,4.65,5.66,4.62,5.68
5.6,4.74,5.76,4.72,5.77
5.7,4.83,5.86,4.81,5.87
5.8,4.93,5.96,4.90,5.97
5.9,5.02,6.05,5.00,6.07
6.0,5.11,6.15,5.09,6.17
6.1,5.21,6.25,5.18,6.26
6.2,5.30,6.35,5.28,6.36
6.3,5.40,6.45,5.37,6.46
6.4,5.49,6.55,5.46,6.56
6.5,5.58,6.64,5.56,6.66
6.6,5.68,6.74,5.65,6.75
6.7,5.77,6.84,5.75,6.85
6.8,5.87,6.94,5.84,6.95
6.9,5.96,7.04,5.94,7.05
7.0,6.06,7.14,6.03,7.15
7.1,6.15,7.24,6.13,7.25
7.2,6.25,7.33,6.22,7.34
7.3,6.34,7.43,6.32,7.44
7.4,6.44,7.53,6.41,7.54
7.5,6.53,7.63,6.51,7.64
7.6,6.63,7.73,6.60,7.74
7.7,6.72,7.83,6.70,7.83
7.8,6.82,7.93,6.79,7.93
7.9,6.91,8.02,6.89,8.03
8.0,7.01,8.12,6.98,8.13
8.1,7.10,8.22,7.08,8.23
8.2,7.20,8.32,7.17,8.33
8.3,7.29,8.42,7.27,8.42
8.4,7.39,8.52,7.36,8.52
8.5,7.49,8.62,7.46,8.62
8.6,7.58,8.71,7.56,8.72
8.7,7.68,8.81,7.65,8.82
8.8,7.77,8.91,7.75,8.92
8.9,7.87,9.01,7.85,9.02
9.0,7.97,9.11,7.94,9.11
9.1,8.06,9.21,8.04,9.21
9.2,8.16,9.31,8.13,9.31
9.3,8.26,9.41,8.23,9.41
9.4,8.35,9.50,8.33,9.51
9.5,8.45,9.60,8.42,9.61
9.6,8.55,9.70,8.52,9.71
9.7,8.64,9.80,8.62,9.80
9.8,8.74,9.90,8.71,9.90
9.9,8.84,10.00,8.81,10.00
10.0,8.93,10.10,8.91,10.10
10.1,9.03,10.20,9.01,10.20
10.2,9.13,10.30,9.10,10.30
10.3,9.23,10.39,9.20,10.40
10.4,9.32,10.49,9.30,10.49
10.5,9.42,10.59,9.39,10.59
10.6,9.52,10.69,9.49,10.69
10.7,9.61,10.79,9.59,10.79
10.8,9.71,10.89,9.69,10.89
10.9,9.81,10.99,9.78,10.99
11.0,9.91,11.09,9.88,11.09
11.1,10.00,11.19,9.98,11.19
11.2,10.10,11.28,10.08,11.28
11.3,10.20,11.38,10.18,11.38
11.4,10.30,11.48,10.27,11.48
11.5,10.40,11.58,10.37,11.58
11.6,10.49,11.68,10.47,11.68
11.7,10.59,11.78,10.57,11.78
11.8,10.69,11.88,10.67,11.88
11.9,10.79,11.98,10.76,11.98
12.0,10.89,12.08,10.86,12.08
12.1,10.98,12.18,10.96,12.17
12.2,11.08,12.27,11.06,12.27
12.3,11.18,12.37,11.16,12.37
12.4,11.28,12.47,11.25,12.47
12.5,11.38,12.57,11.35,12.57
12.6,11.47,12.67,11.45,12.67
12.7,11.57,12.77,11.55,12.77
12.8,11.67,12.87,11.65,12.87
12.9,11.77,12.97,11.75,12.97
13.0,11.87,13.07,11.85,13.07
13.1,11.97,13.17,11.94,13.16
13.2,12.07,13.27,12.04,13.26
13.3,12.16,13.36,12.14,13.36
13.4,12.26,13.46,12.24,13.46
13.5,12.36,13.56,12.34,13.56
13.6,12.46,13.66,12.44,13.66
13.7,12.56,13.76,12.54,13.76
13.8,12.66,13.86,12.64,13.86
13.9,12.76,13.96,12.74,13.96
14.0,12.86,14.06,12.83,14.06
14.1,12.96,14.16,12.93,14.16
14.2,13.05,14.26,13.03,14.26
14.3,13.15,14.36,13.13,14.35
14.4,13.25,14.46,13.23,14.45
14.5,13.35,14.55,13.33,14.55
14.6,13.45,14.65,13.43,14.65
14.7,13.55,14.75,13.53,14.75
14.8,13.65,14.85,13.63,14.85
14.9,13.75,14.95,13.73,14.95
15.0,13.85,15.05,13.83,15.05
15.1,13.95,15.15,13.93,15.15
15.2,14.05,15.25,14.03,15.25
15.3,14.15,15.35,14.12,15.35
15.4,14.24,15.45,14.22,15.45
15.5,14.34,15.55,14.32,15.54
15.6,14.44,15.65,14.42,15.64
15.7,14.54,15.75,14.52,15.74
15.8,14.64,15.85,14.62,15.84
15.9,14.74,15.94,14.72,15.94
16.0,14.84,16.04,14.82,16.04
16.1,14.94,16.14,14.92,16.14
16.2,15.04,16.24,15.02,16.24
16.3,15.14,16.34,15.12,16.34
16.4,15.24,16.44,15.22,16.44
16.5,15.34,16.54,15.32,16.54
16.6,15.44,16.64,15.42,16.64
16.7,15.54,16.74,15.52,16.74
16.8,15.64,16.84,15.62,16.84
16.9,15.74,16.94,15.72,16.94
17.0,15.84,17.04,15.82,17.03
17.1,15.94,17.14,15.92,17.13
17.2,16.04,17.24,16.02,17.23
17.3,16.14,17.33,16.12,17.33
17.4,16.24,17.43,16.22,17.43
17.5,16.34,17.53,16.32,17.53
17.6,16.44,17.63,16.42,17.63
17.7,16.54,17.73,16.52,17.73
17.8,16.64,17.83,16.62,17.83
17.9,16.74,17.93,16.72,17.93
18.0,16.84,18.03,16.82,18.03
18.1,16.94,18.13,16.92,18.13
18.2,17.04,18.23,17.02,18.23
18.3,17.14,18.33,17.12,18.33
18.4,17.24,18.43,17.22,18.43
18.5,17.34,18.53,17.32,18.53
18.6,17.44,18.63,17.42,18.62
18.7,17.54,18.73,17.52,18.72
18.8,17.64,18.83,17.62,18.82
18.9,17.74,18.92,17.72,18.92
19.0,17.84,19.02,17.82,19.02
19.1,17.94,19.12,17.92,19.12
19.2,18.04,19.22,18.02,19.22
19.3,18.14,19.32,18.12,19.32
19.4,18.24,19.42,18.22,19.42
19.5,18.34,19.52,18.32,19.52
19.6,18.44,19.62,18.42,19.62
19.7,18.54,19.72,18.52,19.72
19.8,18.64,19.82,18.62,19.82
19.9,18.74,19.92,18.72,19.92
20.0,18.84,20.02,18.82,20.02
20.1,18.94,20.12,18.93,20.12
20.2,19.04,20.22,19.03,20.22
20.3,19.14,20.32,19.13,20.32
20.4,19.24,20.42,19.23,20.41
20.5,19.34,20.52,19.33,20.51
20.6,19.44,20.62,19.43,20.61
20.7,19.54,20.71,19.53,20.71
20.8,19.64,20.81,19.63,20.81
20.9,19.74,20.91,19.73,20.91
21.0,19.84,21.01,19.83,21.01
21.1,19.94,21.11,19.93,21.11
21.2,20.04,21.21,20.03,21.21
21.3,20.14,21.31,20.13,21.31
21.4,20.24,21.41,20.23,21.41
21.5,20.34,21.51,20.33,21.51
21.6,20.44,21.61,20.43,21.61
21.7,20.54,21.71,20.53,21.71
21.8,20.65,21.81,20.63,21.81
21.9,20.75,21.91,20.73,21.91
22.0,20.85,22.01,20.83,22.01
22.1,20.95,22.11,20.93,22.11
22.2,21.05,22.21,21.03,22.21
22.3,21.15,22.31,21.14,22.30
22.4,21.25,22.41,21.24,22.40
22.5,21.35,22.50,21.34,22.50
22.6,21.45,22.60,21.44,22.60
22.7,21.55,22.70,21.54,22.70
22.8,21.65,22.80,21.64,22.80
22.9,21.75,22.90,21.74,22.90
23.0,21.85,23.00,21.84,23.00
23.1,21.95,23.10,21.94,23.10
23.2,22.05,23.20,22.04,23.20
23.3,22.15,23.30,22.14,23.30
23.4,22.25,23.40,22.24,23.40
23.5,22.35,23.50,22.34,23.50
23.6,22.45,23.60,22.44,23.60
23.7,22.55,23.70,22.54,23.70
23.8,22.65,23.80,22.64,23.80
23.9,22.75,23.90,22.74,23.90
24.0,22.85,24.00,22.84,24.00
24.1,22.95,24.10,22.95,24.10
24.2,23.05,24.20,23.05,24.19
24.3,23.16,24.29,23.15,24.29
24.4,23.26,24.39,23.25,24.39
24.5,23.36,24.49,23.35,24.49
24.6,23.46,24.59,23.45,24.59
24.7,23.56,24.69,23.55,24.69
24.8,23.66,24.79,23.65,24.79
24.9,23.76,24.89,23.75,24.89
25.0,23.86,24.99,23.85,24.99
25.1,23.96,25.09,23.95,25.09
25.2,24.06,25.19,24.05,25.19
25.3,24.16,25.29,24.15,25.29
25.4,24.26,25.39,24.25,25.39
25.5,24.36,25.49,24.35,25.49
25.6,24.46,25.59,24.45,25.59
25.7,24.56,25.69,24.55,25.69
25.8,24.66,25.79,24.65,25.79
25.9,24.76,25.89,24.76,25.89
26.0,24.86,25.99,24.86,25.99
26.1,24.96,26.08,24.96,26.08
26.2,25.06,26.18,25.06,26.18
26.3,25.16,26.28,25.16,26.28
26.4,25.26,26.38,25.26,26.38
26.5,25.36,26.48,25.36,26.48
26.6,25.46,26.58,25.46,26.58
26.7,25.57,26.68,25.56,26.68
26.8,25.67,26.78,25.66,26.78
26.9,25.77,26.88,25.76,26.88
27.0,25.87,26.98,25.86,26.98
27.1,25.97,27.08,25.96,27.08
27.2,26.07,27.18,26.06,27.18
27.3,26.17,27.28,26.16,27.28
27.4,26.27,27.38,26.26,27.38
27.5,26.37,27.48,26.36,27.48
27.6,26.47,27.58,26.46,27.58
27.7,26.57,27.68,26.56,27.68
27.8,26.67,27.77,26.66,27.77
27.9,26.77,27.87,26.77,27.87
28.0,26.87,27.97,26.87,27.97
28.1,26.97,28.07,26.97,28.07
28.2,27.07,28.17,27.07,28.17
28.3,27.17,28.27,27.17,28.27
28.4,27.27,28.37,27.27,28.37
28.5,27.37,28.47,27.37,28.47
28.6,27.47,28.57,27.47,28.57
28.7,27.57,28.67,27.57,28.67
28.8,27.67,28.77,27.67,28.77
28.9,27.77,28.87,27.77,28.87
29.0,27.87,28.97,27.87,28.97
29.1,27.97,29.07,27.97,29.07
29.2,28.07,29.17,28.07,29.17
29.3,28.17,29.27,28.17,29.27
29.4,28.27,29.36,28.27,29.36
29.5,28.37,29.46,28.37,29.46
29.6,28.48,29.56,28.47,29.56
29.7,28.58,29.66,28.57,29.66
29.8,28.68,29.76,28.67,29.76
29.9,28.78,29.86,28.77,29.86
30.0,28.88,29.96,28.87,29.96
30.1,28.98,30.06,28.97,30.06
30.2,29.08,30.16,29.07,30.16
30.3,29.18,30.26,29.18,30.26
30.4,29.28,30.36,29.28,30.36
30.5,29.38,30.46,29.38,30.46
30.6,29.48,30.56,29.48,30.56
30.7,29.58,30.66,29.58,30.66
30.8,29.68,30.76,29.68,30.76
30.9,29.78,30.85,29.78,30.85
31.0,29.88,30.95,29.88,30.95
31.1,29.98,31.05,29.98,31.05
31.2,30.08,31.15,30.08,31.15
31.3,30.18,31.25,30.18,31.25
31.4,30.28,31.35,30.28,31.35
31.5,30.38,31.45,30.38,31.45
31.6,30.48,31.55,30.48,31.55
31.7,30.58,31.65,30.58,31.65
31.8,30.68,31.75,30.68,31.75
31.9,30.78,31.85,30.78,31.85
32.0,30.88,31.95,30.88,31.95
32.1,30.98,32.05,30.98,32.05
32.2,31.08,32.15,31.08,32.15
32.3,31.18,32.24,31.18,32.24
32.4,31.28,32.34,31.28,32.34
32.5,31.38,32.44,31.38,32.44
32.6,31.48,32.54,31.48,32.54
32.7,31.58,32.64,31.58,32.64
32.8,31.68,32.74,31.68,32.74
32.9,31.78,32.84,31.78,32.84
33.0,31.88,32.94,31.88,32.94
33.1,31.98,33.04,31.98,33.04
33.2,32.08,33.14,32.08,33.14
33.3,32.18,33.24,32.18,33.24
33.4,32.28,33.34,32.28,33.34
33.5,32.38,33.44,32.38,33.44
33.6,32.48,33.53,32.48,33.53
33.7,32.58,33.63,32.58,33.63
33.8,32.68,33.73,32.68,33.73
33.9,32.78,33.83,32.78,33.83
34.0,32.88,33.93,32.88,33.93
34.1,32.98,34.03,32.98,34.03
34.2,33.08,34.13,33.09,34.13
34.3,33.18,34.23,33.19,34.23
34.4,33.28,34.33,33.29,34.33
34.5,33.38,34.43,33.39,34.43
34.6,33.48,34.53,33.49,34.53
34.7,33.58,34.63,33.59,34.63
34.8,33.68,34.72,33.69,34.72
34.9,33.78,34.82,33.79,34.82
35.0,33.88,34.92,33.89,34.92
35.1,33.98,35.02,33.99,35.02
35.2,34.08,35.12,34.09,35.12
35.3,34.18,35.22,34.19,35.22
35.4,34.28,35.32,34.29,35.32
35.5,34.38,35.42,34.39,35.42
35.6,34.48,35.52,34.49,35.52
35.7,34.58,35.62,34.59,35.62
35.8,34.68,35.72,34.69,35.72
35.9,34.78,35.82,34.79,35.82
36.0,34.88,35.91,34.89,35.91
36.1,34.98,36.01,34.99,36.01
36.2,35.08,36.11,35.09,36.11
36.3,35.18,36.21,35.19,36.21
36.4,35.28,36.31,35.29,36.31
36.5,35.38,36.41,35.39,36.41
36.6,35.48,36.51,35.49,36.51
36.7,35.58,36.61,35.59,36.61
36.8,35.68,36.71,35.69,36.71
36.9,35.78,36.81,35.79,36.81
37.0,35.88,36.91,35.89,36.91
37.1,35.98,37.00,35.99,37.00
37.2,36.08,37.10,36.09,37.10
37.3,36.18,37.20,36.19,37.20
37.4,36.28,37.30,36.29,37.30
37.5,36.38,37.40,36.39,37.40
37.6,36.48,37.50,36.49,37.50
37.7,36.58,37.60,36.59,37.60
37.8,36.68,37.70,36.69,37.70
37.9,36.78,37.80,36.79,37.80
38.0,36.88,37.90,36.89,37.90
38.1,36.98,38.00,36.99,37.99
38.2,37.08,38.09,37.09,38.09
38.3,37.18,38.19,37.19,38.19
38.4,37.28,38.29,37.29,38.29
38.5,37.38,38.39,37.39,38.39
38.6,37.48,38.49,37.49,38.49
38.7,37.58,38.59,37.59,38.59
38.8,37.68,38.69,37.69,38.69
38.9,37.78,38.79,37.79,38.79
39.0,37.88,38.89,37.89,38.89
39.1,37.98,38.99,37.99,38.98
39.2,38.08,39.09,38.09,39.08
39.3,38.18,39.18,38.19,39.18
39.4,38.28,39.28,38.29,39.28
39.5,38.38,39.38,38.39,39.38
39.6,38.48,39.48,38.49,39.48
39.7,38.58,39.58,38.59,39.58
39.8,38.68,39.68,38.69,39.68
39.9,38.78,39.78,38.78,39.78
40.0,38.88,39.88,38.88,39.88
40.1,38.98,39.98,38.98,39.97
40.2,39.08,40.08,39.08,40.07
40.3,39.18,40.17,39.18,40.17
40.4,39.28,40.27,39.28,40.27
40.5,39.38,40.37,39.38,40.37
40.6,39.48,40.47,39.48,40.47
40.7,39.58,40.57,39.58,40.57
40.8,39.68,40.67,39.68,40.67
40.9,39.78,40.77,39.78,40.77
41.0,39.88,40.87,39.88,40.86
41.1,39.98,40.97,39.98,40.96
41.2,40.08,41.06,40.08,41.06
41.3,40.18,41.16,40.18,41.16
41.4,40.28,41.26,40.28,41.26
41.5,40.38,41.36,40.38,41.36
41.6,40.48,41.46,40.48,41.46
41.7,40.58,41.56,40.58,41.56
41.8,40.68,41.66,40.68,41.66
41.9,40.78,41.76,40.78,41.76
42.0,40.88,41.86,40.88,41.85
42.1,40.98,41.96,40.98,41.95
42.2,41.07,42.05,41.08,42.05
42.3,41.17,42.15,41.18,42.15
42.4,41.27,42.25,41.28,42.25
42.5,41.37,42.35,41.38,42.35
42.6,41.47,42.45,41.48,42.45
42.7,41.57,42.55,41.58,42.55
42.8,41.67,42.65,41.68,42.65
42.9,41.77,42.75,41.78,42.74
43.0,41.87,42.85,41.88,42.84
43.1,41.97,42.94,41.98,42.94
43.2,42.07,43.04,42.08,43.04
43.3,42.17,43.14,42.18,43.14
43.4,42.27,43.24,42.28,43.24
43.5,42.37,43.34,42.38,43.34
43.6,42.47,43.44,42.48,43.44
43.7,42.57,43.54,42.58,43.54
43.8,42.67,43.64,42.68,43.63
43.9,42.77,43.74,42.78,43.73
44.0,42.87,43.83,42.88,43.83
44.1,42.97,43.93,42.98,43.93
44.2,43.07,44.03,43.08,44.03
44.3,43.17,44.13,43.18,44.13
44.4,43.27,44.23,43.28,44.23
44.5,43.37,44.33,43.38,44.33
44.6,43.47,44.43,43.48,44.42
44.7,43.57,44.53,43.58,44.52
44.8,43.67,44.63,43.68,44.62
44.9,43.77,44.72,43.78,44.72
45.0,43.87,44.82,43.87,44.82
45.1,43.97,44.92,43.97,44.92
45.2,44.07,45.02,44.07,45.02
45.3,44.17,45.12,44.17,45.12
45.4,44.27,45.22,44.27,45.22
45.5,44.37,45.32,44.37,45.31
45.6,44.47,45.42,44.47,45.41
45.7,44.57,45.52,44.57,45.51
45.8,44.67,45.61,44.67,45.61
45.9,44.77,45.71,44.77,45.71
46.0,44.87,45.81,44.87,45.81
46.1,44.97,45.91,44.97,45.91
46.2,45.06,46.01,45.07,46.01
46.3,45.16,46.11,45.17,46.11
46.4,45.26,46.21,45.27,46.20
46.5,45.36,46.31,45.37,46.30
46.6,45.46,46.41,45.47,46.40
46.7,45.56,46.50,45.57,46.50
46.8,45.66,46.60,45.67,46.60
46.9,45.76,46.70,45.77,46.70
47.0,45.86,46.80,45.87,46.80
47.1,45.96,46.90,45.97,46.90
47.2,46.06,47.00,46.07,46.99
47.3,46.16,47.10,46.17,47.09
47.4,46.26,47.20,46.27,47.19
47.5,46.36,47.29,46.37,47.29
47.6,46.46,47.39,46.47,47.39
47.7,46.56,47.49,46.57,47.49
47.8,46.66,47.59,46.67,47.59
47.9,46.76,47.69,46.77,47.69
48.0,46.86,47.79,46.87,47.79
48.1,46.96,47.89,46.97,47.88
48.2,47.06,47.99,47.07,47.98
48.3,47.16,48.09,47.17,48.08
48.4,47.26,48.18,47.27,48.18
48.5,47.36,48.28,47.37,48.28
48.6,47.46,48.38,47.46,48.38
48.7,47.56,48.48,47.56,48.48
48.8,47.66,48.58,47.66,48.58
48.9,47.76,48.68,47.76,48.67
49.0,47.86,48.78,47.86,48.77
49.1,47.96,48.88,47.96,48.87
49.2,48.06,48.97,48.06,48.97
49.3,48.16,49.07,48.16,49.07
49.4,48.26,49.17,48.26,49.17
49.5,48.36,49.27,48.36,49.27
49.6,48.46,49.37,48.46,49.37
49.7,48.55,49.47,48.56,49.47
49.8,48.65,49.57,48.66,49.56
49.9,48.75,49.67,48.76,49.66
50.0,48.85,49.77,48.86,49.76
50.1,48.95,49.86,48.96,49.86
50.2,49.05,49.96,49.06,49.96
50.3,49.15,50.06,49.16,50.06
50.4,49.25,50.16,49.26,50.16
50.5,49.35,50.26,49.36,50.26
50.6,49.45,50.36,49.46,50.35
50.7,49.55,50.46,49.56,50.45
50.8,49.65,50.56,49.66,50.55
50.9,49.75,50.66,49.76,50.65
51.0,49.85,50.75,49.86,50.75
51.1,49.95,50.85,49.96,50.85
51.2,50.05,50.95,50.06,50.95
51.3,50.15,51.05,50.16,51.05
51.4,50.25,51.15,50.26,51.15
51.5,50.35,51.25,50.36,51.24
51.6,50.45,51.35,50.46,51.34
51.7,50.55,51.45,50.56,51.44
51.8,50.65,51.54,50.66,51.54
51.9,50.75,51.64,50.75,51.64
52.0,50.85,51.74,50.85,51.74
52.1,50.95,51.84,50.95,51.84
52.2,51.05,51.94,51.05,51.94
52.3,51.15,52.04,51.15,52.04
52.4,51.25,52.14,51.25,52.13
52.5,51.35,52.24,51.35,52.23
52.6,51.45,52.34,51.45,52.33
52.7,51.55,52.43,51.55,52.43
52.8,51.65,52.53,51.65,52.53
52.9,51.75,52.63,51.75,52.63
53.0,51.85,52.73,51.85,52.73
53.1,51.94,52.83,51.95,52.83
53.2,52.04,52.93,52.05,52.93
53.3,52.14,53.03,52.15,53.02
53.4,52.24,53.13,52.25,53.12
53.5,52.34,53.22,52.35,53.22
53.6,52.44,53.32,52.45,53.32
53.7,52.54,53.42,52.55,53.42
53.8,52.64,53.52,52.65,53.52
53.9,52.74,53.62,52.75,53.62
54.0,52.84,53.72,52.85,53.72
54.1,52.94,53.82,52.95,53.82
54.2,53.04,53.92,53.05,53.91
54.3,53.14,54.02,53.15,54.01
54.4,53.24,54.11,53.25,54.11
54.5,53.34,54.21,53.35,54.21
54.6,53.44,54.31,53.45,54.31
54.7,53.54,54.41,53.55,54.41
54.8,53.64,54.51,53.65,54.51
54.9,53.74,54.61,53.74,54.61
55.0,53.84,54.71,53.84,54.71
55.1,53.94,54.81,53.94,54.80
55.2,54.04,54.91,54.04,54.90
55.3,54.14,55.00,54.14,55.00
55.4,54.24,55.10,54.24,55.10
55.5,54.34,55.20,54.34,55.20
55.6,54.44,55.30,54.44,55.30
55.7,54.54,55.40,54.54,55.40
55.8,54.64,55.50,54.64,55.50
55.9,54.74,55.60,54.74,55.60
56.0,54.84,55.70,54.84,55.69
56.1,54.94,55.80,54.94,55.79
56.2,55.03,55.89,55.04,55.89
56.3,55.13,55.99,55.14,55.99
56.4,55.23,56.09,55.24,56.09
56.5,55.33,56.19,55.34,56.19
56.6,55.43,56.29,55.44,56.29
56.7,55.53,56.39,55.54,56.39
56.8,55.63,56.49,55.64,56.49
56.9,55.73,56.59,55.74,56.59
57.0,55.83,56.69,55.84,56.68
57.1,55.93,56.79,55.94,56.78
57.2,56.03,56.88,56.04,56.88
57.3,56.13,56.98,56.14,56.98
57.4,56.23,57.08,56.24,57.08
57.5,56.33,57.18,56.33,57.18
57.6,56.43,57.28,56.43,57.28
57.7,56.53,57.38,56.53,57.38
57.8,56.63,57.48,56.63,57.48
57.9,56.73,57.58,56.73,57.58
58.0,56.83,57.68,56.83,57.67
58.1,56.93,57.77,56.93,57.77
58.2,57.03,57.87,57.03,57.87
58.3,57.13,57.97,57.13,57.97
58.4,57.23,58.07,57.23,58.07
58.5,57.33,58.17,57.33,58.17
58.6,57.43,58.27,57.43,58.27
58.7,57.53,58.37,57.53,58.37
58.8,57.63,58.47,57.63,58.47
58.9,57.72,58.57,57.73,58.57
59.0,57.82,58.67,57.83,58.67
59.1,57.92,58.76,57.93,58.76
59.2,58.02,58.86,58.03,58.86
59.3,58.12,58.96,58.13,58.96
59.4,58.22,59.06,58.23,59.06
59.5,58.32,59.16,58.33,59.16
59.6,58.42,59.26,58.43,59.26
59.7,58.52,59.36,58.53,59.36
59.8,58.62,59.46,58.62,59.46
59.9,58.72,59.56,58.72,59.56
60.0,58.82,59.66,58.82,59.66
60.1,58.92,59.75,58.92,59.76
60.2,59.02,59.85,59.02,59.85
60.3,59.12,59.95,59.12,59.95
60.4,59.22,60.05,59.22,60.05
60.5,59.32,60.15,59.32,60.15
60.6,59.42,60.25,59.42,60.25
60.7,59.52,60.35,59.52,60.35
60.8,59.62,60.45,59.62,60.45
60.9,59.72,60.55,59.72,60.55
61.0,59.82,60.65,59.82,60.65
61.1,59.92,60.75,59.92,60.75
61.2,60.01,60.84,60.02,60.85
61.3,60.11,60.94,60.12,60.95
61.4,60.21,61.04,60.22,61.04
61.5,60.31,61.14,60.32,61.14
61.6,60.41,61.24,60.42,61.24
61.7,60.51,61.34,60.52,61.34
61.8,60.61,61.44,60.61,61.44
61.9,60.71,61.54,60.71,61.54
62.0,60.81,61.64,60.81,61.64
62.1,60.91,61.74,60.91,61.74
62.2,61.01,61.84,61.01,61.84
62.3,61.11,61.94,61.11,61.94
62.4,61.21,62.03,61.21,62.04
62.5,61.31,62.13,61.31,62.14
62.6,61.41,62.23,61.41,62.24
62.7,61.51,62.33,61.51,62.33
62.8,61.61,62.43,61.61,62.43
62.9,61.71,62.53,61.71,62.53
63.0,61.80,62.63,61.81,62.63
63.1,61.90,62.73,61.91,62.73
63.2,62.00,62.83,62.01,62.83
63.3,62.10,62.93,62.11,62.93
63.4,62.20,63.03,62.20,63.03
63.5,62.30,63.13,62.30,63.13
63.6,62.40,63.22,62.40,63.23
63.7,62.50,63.32,62.50,63.33
63.8,62.60,63.42,62.60,63.43
63.9,62.70,63.52,62.70,63.53
64.0,62.80,63.62,62.80,63.63
64.1,62.90,63.72,62.90,63.72
64.2,63.00,63.82,63.00,63.82
64.3,63.10,63.92,63.10,63.92
64.4,63.20,64.02,63.20,64.02
64.5,63.30,64.12,63.30,64.12
64.6,63.39,64.22,63.40,64.22
64.7,63.49,64.32,63.50,64.32
64.8,63.59,64.42,63.60,64.42
64.9,63.69,64.51,63.69,64.52
65.0,63.79,64.61,63.79,64.62
65.1,63.89,64.71,63.89,64.72
65.2,63.99,64.81,63.99,64.82
65.3,64.09,64.91,64.09,64.92
65.4,64.19,65.01,64.19,65.02
65.5,64.29,65.11,64.29,65.12
65.6,64.39,65.21,64.39,65.22
65.7,64.49,65.31,64.49,65.31
65.8,64.59,65.41,64.59,65.41
65.9,64.68,65.51,64.69,65.51
66.0,64.78,65.61,64.79,65.61
66.1,64.88,65.71,64.88,65.71
66.2,64.98,65.81,64.98,65.81
66.3,65.08,65.90,65.08,65.91
66.4,65.18,66.00,65.18,66.01
66.5,65.28,66.10,65.28,66.11
66.6,65.38,66.20,65.38,66.21
66.7,65.48,66.30,65.48,66.31
66.8,65.58,66.40,65.58,66.41
66.9,65.68,66.50,65.68,66.51
67.0,65.78,66.60,65.78,66.61
67.1,65.87,66.70,65.88,66.71
67.2,65.97,66.80,65.98,66.81
67.3,66.07,66.90,66.07,66.91
67.4,66.17,67.00,66.17,67.01
67.5,66.27,67.10,66.27,67.10
67.6,66.37,67.20,66.37,67.20
67.7,66.47,67.30,66.47,67.30
67.8,66.57,67.39,66.57,67.40
67.9,66.67,67.49,66.67,67.50
68.0,66.77,67.59,66.77,67.60
68.1,66.87,67.69,66.87,67.70
68.2,66.96,67.79,66.97,67.80
68.3,67.06,67.89,67.06,67.90
68.4,67.16,67.99,67.16,68.00
68.5,67.26,68.09,67.26,68.10
68.6,67.36,68.19,67.36,68.20
68.7,67.46,68.29,67.46,68.30
68.8,67.56,68.39,67.56,68.40
68.9,67.66,68.49,67.66,68.50
69.0,67.76,68.59,67.76,68.60
69.1,67.86,68.69,67.86,68.70
69.2,67.95,68.79,67.95,68.80
69.3,68.05,68.89,68.05,68.90
69.4,68.15,68.99,68.15,69.00
69.5,68.25,69.08,68.25,69.10
69.6,68.35,69.18,68.35,69.19
69.7,68.45,69.28,68.45,69.29
69.8,68.55,69.38,68.55,69.39
69.9,68.65,69.48,68.65,69.49
70.0,68.74,69.58,68.75,69.59
70.1,68.84,69.68,68.84,69.69
70.2,68.94,69.78,68.94,69.79
70.3,69.04,69.88,69.04,69.89
70.4,69.14,69.98,69.14,69.99
70.5,69.24,70.08,69.24,70.09
70.6,69.34,70.18,69.34,70.19
70.7,69.44,70.28,69.44,70.29
70.8,69.54,70.38,69.54,70.39
70.9,69.63,70.48,69.63,70.49
71.0,69.73,70.58,69.73,70.59
71.1,69.83,70.68,69.83,70.69
71.2,69.93,70.78,69.93,70.79
71.3,70.03,70.88,70.03,70.89
71.4,70.13,70.97,70.13,70.99
71.5,70.23,71.07,70.23,71.09
71.6,70.32,71.17,70.32,71.19
71.7,70.42,71.27,70.42,71.29
71.8,70.52,71.37,70.52,71.39
71.9,70.62,71.47,70.62,71.49
72.0,70.72,71.57,70.72,71.59
72.1,70.82,71.67,70.82,71.68
72.2,70.92,71.77,70.92,71.78
72.3,71.01,71.87,71.01,71.88
72.4,71.11,71.97,71.11,71.98
72.5,71.21,72.07,71.21,72.08
72.6,71.31,72.17,71.31,72.18
72.7,71.41,72.27,71.41,72.28
72.8,71.51,72.37,71.51,72.38
72.9,71.61,72.47,71.61,72.48
73.0,71.70,72.57,71.70,72.58
73.1,71.80,72.67,71.80,72.68
73.2,71.90,72.77,71.90,72.78
73.3,72.00,72.87,72.00,72.88
73.4,72.10,72.97,72.10,72.98
73.5,72.20,73.06,72.20,73.08
73.6,72.29,73.16,72.29,73.18
73.7,72.39,73.26,72.39,73.28
73.8,72.49,73.36,72.49,73.38
73.9,72.59,73.46,72.59,73.48
74.0,72.69,73.56,72.69,73.58
74.1,72.79,73.66,72.79,73.68
74.2,72.89,73.76,72.88,73.78
74.3,72.98,73.86,72.98,73.88
74.4,73.08,73.96,73.08,73.98
74.5,73.18,74.06,73.18,74.08
74.6,73.28,74.16,73.28,74.18
74.7,73.38,74.26,73.38,74.28
74.8,73.47,74.36,73.47,74.38
74.9,73.57,74.46,73.57,74.47
75.0,73.67,74.56,73.67,74.57
75.1,73.77,74.66,73.77,74.67
75.2,73.87,74.76,73.87,74.77
75.3,73.97,74.86,73.97,74.87
75.4,74.06,74.96,74.06,74.97
75.5,74.16,75.06,74.16,75.07
75.6,74.26,75.15,74.26,75.17
75.7,74.36,75.25,74.36,75.27
75.8,74.46,75.35,74.46,75.37
75.9,74.55,75.45,74.55,75.47
76.0,74.65,75.55,74.65,75.57
76.1,74.75,75.65,74.75,75.67
76.2,74.85,75.75,74.85,75.77
76.3,74.95,75.85,74.95,75.87
76.4,75.05,75.95,75.04,75.97
76.5,75.14,76.05,75.14,76.07
76.6,75.24,76.15,75.24,76.17
76.7,75.34,76.25,75.34,76.27
76.8,75.44,76.35,75.44,76.37
76.9,75.54,76.45,75.53,76.47
77.0,75.63,76.55,75.63,76.57
77.1,75.73,76.65,75.73,76.67
77.2,75.83,76.75,75.83,76.77
77.3,75.93,76.85,75.93,76.87
77.4,76.03,76.95,76.02,76.96
77.5,76.12,77.05,76.12,77.06
77.6,76.22,77.14,76.22,77.16
77.7,76.32,77.24,76.32,77.26
77.8,76.42,77.34,76.42,77.36
77.9,76.51,77.44,76.51,77.46
78.0,76.61,77.54,76.61,77.56
78.1,76.71,77.64,76.71,77.66
78.2,76.81,77.74,76.81,77.76
78.3,76.91,77.84,76.91,77.86
78.4,77.00,77.94,77.00,77.96
78.5,77.10,78.04,77.10,78.06
78.6,77.20,78.14,77.20,78.16
78.7,77.30,78.24,77.30,78.26
78.8,77.39,78.34,77.39,78.36
78.9,77.49,78.44,77.49,78.46
79.0,77.59,78.54,77.59,78.56
79.1,77.69,78.64,77.69,78.66
79.2,77.79,78.74,77.79,78.76
79.3,77.88,78.83,77.88,78.86
79.4,77.98,78.93,77.98,78.95
79.5,78.08,79.03,78.08,79.05
79.6,78.18,79.13,78.18,79.15
79.7,78.27,79.23,78.27,79.25
79.8,78.37,79.33,78.37,79.35
79.9,78.47,79.43,78.47,79.45
80.0,78.57,79.53,78.57,79.55
80.1,78.67,79.63,78.66,79.65
80.2,78.76,79.73,78.76,79.75
80.3,78.86,79.83,78.86,79.85
80.4,78.96,79.93,78.96,79.95
80.5,79.06,80.03,79.05,80.05
80.6,79.15,80.13,79.15,80.15
80.7,79.25,80.22,79.25,80.25
80.8,79.35,80.32,79.35,80.35
80.9,79.45,80.42,79.44,80.44
81.0,79.54,80.52,79.54,80.54
81.1,79.64,80.62,79.64,80.64
81.2,79.74,80.72,79.74,80.74
81.3,79.84,80.82,79.84,80.84
81.4,79.93,80.92,79.93,80.94
81.5,80.03,81.02,80.03,81.04
81.6,80.13,81.12,80.13,81.14
81.7,80.23,81.22,80.23,81.24
81.8,80.32,81.31,80.32,81.34
81.9,80.42,81.41,80.42,81.44
82.0,80.52,81.51,80.52,81.54
82.1,80.62,81.61,80.62,81.63
82.2,80.71,81.71,80.71,81.73
82.3,80.81,81.81,80.81,81.83
82.4,80.91,81.91,80.91,81.93
82.5,81.01,82.01,81.01,82.03
82.6,81.10,82.11,81.10,82.13
82.7,81.20,82.21,81.20,82.23
82.8,81.30,82.30,81.30,82.33
82.9,81.40,82.40,81.39,82.43
83.0,81.49,82.50,81.49,82.53
83.1,81.59,82.60,81.59,82.62
83.2,81.69,82.70,81.69,82.72
83.3,81.79,82.80,81.78,82.82
83.4,81.88,82.90,81.88,82.92
83.5,81.98,83.00,81.98,83.02
83.6,82.08,83.10,82.08,83.12
83.7,82.17,83.19,82.17,83.22
83.8,82.27,83.29,82.27,83.32
83.9,82.37,83.39,82.37,83.42
84.0,82.47,83.49,82.47,83.51
84.1,82.56,83.59,82.56,83.61
84.2,82.66,83.69,82.66,83.71
84.3,82.76,83.79,82.76,83.81
84.4,82.86,83.89,82.86,83.91
84.5,82.95,83.98,82.95,84.01
84.6,83.05,84.08,83.05,84.11
84.7,83.15,84.18,83.15,84.21
84.8,83.25,84.28,83.25,84.30
84.9,83.34,84.38,83.34,84.40
85.0,83.44,84.48,83.44,84.50
85.1,83.54,84.58,83.54,84.60
85.2,83.64,84.67,83.63,84.70
85.3,83.73,84.77,83.73,84.80
85.4,83.83,84.87,83.83,84.89
85.5,83.93,84.97,83.93,84.99
85.6,84.03,85.07,84.02,85.09
85.7,84.12,85.17,84.12,85.19
85.8,84.22,85.26,84.22,85.29
85.9,84.32,85.36,84.32,85.39
86.0,84.41,85.46,84.41,85.49
86.1,84.51,85.56,84.51,85.58
86.2,84.61,85.66,84.61,85.68
86.3,84.71,85.75,84.71,85.78
86.4,84.80,85.85,84.80,85.88
86.5,84.90,85.95,84.90,85.98
86.6,85.00,86.05,85.00,86.07
86.7,85.10,86.15,85.10,86.17
86.8,85.19,86.25,85.19,86.27
86.9,85.29,86.34,85.29,86.37
87.0,85.39,86.44,85.39,86.47
87.1,85.49,86.54,85.48,86.56
87.2,85.58,86.64,85.58,86.66
87.3,85.68,86.73,85.68,86.76
87.4,85.78,86.83,85.78,86.86
87.5,85.88,86.93,85.87,86.96
87.6,85.97,87.03,85.97,87.05
87.7,86.07,87.13,86.07,87.15
87.8,86.17,87.22,86.17,87.25
87.9,86.27,87.32,86.26,87.35
88.0,86.36,87.42,86.36,87.45
88.1,86.46,87.52,86.46,87.54
88.2,86.56,87.61,86.56,87.64
88.3,86.66,87.71,86.65,87.74
88.4,86.75,87.81,86.75,87.84
88.5,86.85,87.91,86.85,87.93
88.6,86.95,88.00,86.95,88.03
88.7,87.05,88.10,87.04,88.13
88.8,87.14,88.20,87.14,88.23
88.9,87.24,88.30,87.24,88.32
89.0,87.34,88.39,87.34,88.42
89.1,87.44,88.49,87.43,88.52
89.2,87.53,88.59,87.53,88.61
89.3,87.63,88.69,87.63,88.71
89.4,87.73,88.78,87.73,88.81
89.5,87.83,88.88,87.83,88.91
89.6,87.92,88.98,87.92,89.00
89.7,88.02,89.07,88.02,89.10
89.8,88.12,89.17,88.12,89.20
89.9,88.22,89.27,88.22,89.29
90.0,88.32,89.36,88.31,89.39
90.1,88.41,89.46,88.41,89.49
90.2,88.51,89.56,88.51,89.59
90.3,88.61,89.65,88.61,89.68
90.4,88.71,89.75,88.71,89.78
90.5,88.80,89.85,88.80,89.88
90.6,88.90,89.94,88.90,89.97
90.7,89.00,90.04,89.00,90.07
90.8,89.10,90.14,89.10,90.17
90.9,89.20,90.23,89.19,90.26
91.0,89.29,90.33,89.29,90.36
91.1,89.39,90.43,89.39,90.45
91.2,89.49,90.52,89.49,90.55
91.3,89.59,90.62,89.59,90.65
91.4,89.69,90.72,89.68,90.74
91.5,89.78,90.81,89.78,90.84
91.6,89.88,90.91,89.88,90.94
91.7,89.98,91.00,89.98,91.03
91.8,90.08,91.10,90.08,91.13
91.9,90.18,91.20,90.18,91.22
92.0,90.28,91.29,90.27,91.32
92.1,90.37,91.39,90.37,91.42
92.2,90.47,91.48,90.47,91.51
92.3,90.57,91.58,90.57,91.61
92.4,90.67,91.68,90.67,91.70
92.5,90.77,91.77,90.77,91.80
92.6,90.87,91.87,90.86,91.90
92.7,90.96,91.96,90.96,91.99
92.8,91.06,92.06,91.06,92.09
92.9,91.16,92.15,91.16,92.18
93.0,91.26,92.25,91.26,92.28
93.1,91.36,92.34,91.36,92.37
93.2,91.46,92.44,91.45,92.47
93.3,91.56,92.54,91.55,92.56
93.4,91.65,92.63,91.65,92.66
93.5,91.75,92.73,91.75,92.75
93.6,91.85,92.82,91.85,92.85
93.7,91.95,92.92,91.95,92.94
93.8,92.05,93.01,92.05,93.04
93.9,92.15,93.11,92.15,93.13
94.0,92.25,93.20,92.24,93.23
94.1,92.35,93.29,92.34,93.32
94.2,92.45,93.39,92.44,93.42
94.3,92.54,93.48,92.54,93.51
94.4,92.64,93.58,92.64,93.61
94.5,92.74,93.67,92.74,93.70
94.6,92.84,93.77,92.84,93.80
94.7,92.94,93.86,92.94,93.89
94.8,93.04,93.96,93.04,93.99
94.9,93.14,94.05,93.14,94.08
95.0,93.24,94.14,93.24,94.18
95.1,93.34,94.24,93.34,94.27
95.2,93.44,94.33,93.43,94.36
95.3,93.54,94.43,93.53,94.46
95.4,93.64,94.52,93.63,94.55
95.5,93.74,94.61,93.73,94.65
95.6,93.84,94.71,93.83,94.74
95.7,93.94,94.80,93.93,94.83
95.8,94.04,94.90,94.03,94.93
95.9,94.14,94.99,94.13,95.02
96.0,94.24,95.08,94.23,95.11
96.1,94.34,95.18,94.33,95.21
96.2,94.44,95.27,94.43,95.30
96.3,94.54,95.36,94.53,95.39
96.4,94.64,95.46,94.63,95.49
96.5,94.74,95.55,94.73,95.58
96.6,94.84,95.64,94.83,95.67
96.7,94.94,95.73,94.93,95.77
96.8,95.04,95.83,95.03,95.86
96.9,95.14,95.92,95.13,95.95
97.0,95.24,96.01,95.23,96.05
